p cnf 288 7440
-25 -26 0
-25 -27 0
-25 -28 0
-25 -29 0
-25 -30 0
-25 -31 0
-25 -32 0
-25 -33 0
-25 -34 0
-25 -35 0
-25 -36 0
-25 -37 0
-25 -38 0
-25 -39 0
-25 -40 0
-25 -41 0
-25 -42 0
-25 -43 0
-25 -44 0
-25 -45 0
-25 -46 0
-25 -47 0
-25 -48 0
-26 -25 0
-26 -27 0
-26 -28 0
-26 -29 0
-26 -30 0
-26 -31 0
-26 -32 0
-26 -33 0
-26 -34 0
-26 -35 0
-26 -36 0
-26 -37 0
-26 -38 0
-26 -39 0
-26 -40 0
-26 -41 0
-26 -42 0
-26 -43 0
-26 -44 0
-26 -45 0
-26 -46 0
-26 -47 0
-26 -48 0
-27 -25 0
-27 -26 0
-27 -28 0
-27 -29 0
-27 -30 0
-27 -31 0
-27 -32 0
-27 -33 0
-27 -34 0
-27 -35 0
-27 -36 0
-27 -37 0
-27 -38 0
-27 -39 0
-27 -40 0
-27 -41 0
-27 -42 0
-27 -43 0
-27 -44 0
-27 -45 0
-27 -46 0
-27 -47 0
-27 -48 0
-28 -25 0
-28 -26 0
-28 -27 0
-28 -29 0
-28 -30 0
-28 -31 0
-28 -32 0
-28 -33 0
-28 -34 0
-28 -35 0
-28 -36 0
-28 -37 0
-28 -38 0
-28 -39 0
-28 -40 0
-28 -41 0
-28 -42 0
-28 -43 0
-28 -44 0
-28 -45 0
-28 -46 0
-28 -47 0
-28 -48 0
-29 -25 0
-29 -26 0
-29 -27 0
-29 -28 0
-29 -30 0
-29 -31 0
-29 -32 0
-29 -33 0
-29 -34 0
-29 -35 0
-29 -36 0
-29 -37 0
-29 -38 0
-29 -39 0
-29 -40 0
-29 -41 0
-29 -42 0
-29 -43 0
-29 -44 0
-29 -45 0
-29 -46 0
-29 -47 0
-29 -48 0
-30 -25 0
-30 -26 0
-30 -27 0
-30 -28 0
-30 -29 0
-30 -31 0
-30 -32 0
-30 -33 0
-30 -34 0
-30 -35 0
-30 -36 0
-30 -37 0
-30 -38 0
-30 -39 0
-30 -40 0
-30 -41 0
-30 -42 0
-30 -43 0
-30 -44 0
-30 -45 0
-30 -46 0
-30 -47 0
-30 -48 0
-31 -25 0
-31 -26 0
-31 -27 0
-31 -28 0
-31 -29 0
-31 -30 0
-31 -32 0
-31 -33 0
-31 -34 0
-31 -35 0
-31 -36 0
-31 -37 0
-31 -38 0
-31 -39 0
-31 -40 0
-31 -41 0
-31 -42 0
-31 -43 0
-31 -44 0
-31 -45 0
-31 -46 0
-31 -47 0
-31 -48 0
-32 -25 0
-32 -26 0
-32 -27 0
-32 -28 0
-32 -29 0
-32 -30 0
-32 -31 0
-32 -33 0
-32 -34 0
-32 -35 0
-32 -36 0
-32 -37 0
-32 -38 0
-32 -39 0
-32 -40 0
-32 -41 0
-32 -42 0
-32 -43 0
-32 -44 0
-32 -45 0
-32 -46 0
-32 -47 0
-32 -48 0
-33 -25 0
-33 -26 0
-33 -27 0
-33 -28 0
-33 -29 0
-33 -30 0
-33 -31 0
-33 -32 0
-33 -34 0
-33 -35 0
-33 -36 0
-33 -37 0
-33 -38 0
-33 -39 0
-33 -40 0
-33 -41 0
-33 -42 0
-33 -43 0
-33 -44 0
-33 -45 0
-33 -46 0
-33 -47 0
-33 -48 0
-34 -25 0
-34 -26 0
-34 -27 0
-34 -28 0
-34 -29 0
-34 -30 0
-34 -31 0
-34 -32 0
-34 -33 0
-34 -35 0
-34 -36 0
-34 -37 0
-34 -38 0
-34 -39 0
-34 -40 0
-34 -41 0
-34 -42 0
-34 -43 0
-34 -44 0
-34 -45 0
-34 -46 0
-34 -47 0
-34 -48 0
-35 -25 0
-35 -26 0
-35 -27 0
-35 -28 0
-35 -29 0
-35 -30 0
-35 -31 0
-35 -32 0
-35 -33 0
-35 -34 0
-35 -36 0
-35 -37 0
-35 -38 0
-35 -39 0
-35 -40 0
-35 -41 0
-35 -42 0
-35 -43 0
-35 -44 0
-35 -45 0
-35 -46 0
-35 -47 0
-35 -48 0
-36 -25 0
-36 -26 0
-36 -27 0
-36 -28 0
-36 -29 0
-36 -30 0
-36 -31 0
-36 -32 0
-36 -33 0
-36 -34 0
-36 -35 0
-36 -37 0
-36 -38 0
-36 -39 0
-36 -40 0
-36 -41 0
-36 -42 0
-36 -43 0
-36 -44 0
-36 -45 0
-36 -46 0
-36 -47 0
-36 -48 0
-37 -25 0
-37 -26 0
-37 -27 0
-37 -28 0
-37 -29 0
-37 -30 0
-37 -31 0
-37 -32 0
-37 -33 0
-37 -34 0
-37 -35 0
-37 -36 0
-37 -38 0
-37 -39 0
-37 -40 0
-37 -41 0
-37 -42 0
-37 -43 0
-37 -44 0
-37 -45 0
-37 -46 0
-37 -47 0
-37 -48 0
-38 -25 0
-38 -26 0
-38 -27 0
-38 -28 0
-38 -29 0
-38 -30 0
-38 -31 0
-38 -32 0
-38 -33 0
-38 -34 0
-38 -35 0
-38 -36 0
-38 -37 0
-38 -39 0
-38 -40 0
-38 -41 0
-38 -42 0
-38 -43 0
-38 -44 0
-38 -45 0
-38 -46 0
-38 -47 0
-38 -48 0
-39 -25 0
-39 -26 0
-39 -27 0
-39 -28 0
-39 -29 0
-39 -30 0
-39 -31 0
-39 -32 0
-39 -33 0
-39 -34 0
-39 -35 0
-39 -36 0
-39 -37 0
-39 -38 0
-39 -40 0
-39 -41 0
-39 -42 0
-39 -43 0
-39 -44 0
-39 -45 0
-39 -46 0
-39 -47 0
-39 -48 0
-40 -25 0
-40 -26 0
-40 -27 0
-40 -28 0
-40 -29 0
-40 -30 0
-40 -31 0
-40 -32 0
-40 -33 0
-40 -34 0
-40 -35 0
-40 -36 0
-40 -37 0
-40 -38 0
-40 -39 0
-40 -41 0
-40 -42 0
-40 -43 0
-40 -44 0
-40 -45 0
-40 -46 0
-40 -47 0
-40 -48 0
-41 -25 0
-41 -26 0
-41 -27 0
-41 -28 0
-41 -29 0
-41 -30 0
-41 -31 0
-41 -32 0
-41 -33 0
-41 -34 0
-41 -35 0
-41 -36 0
-41 -37 0
-41 -38 0
-41 -39 0
-41 -40 0
-41 -42 0
-41 -43 0
-41 -44 0
-41 -45 0
-41 -46 0
-41 -47 0
-41 -48 0
-42 -25 0
-42 -26 0
-42 -27 0
-42 -28 0
-42 -29 0
-42 -30 0
-42 -31 0
-42 -32 0
-42 -33 0
-42 -34 0
-42 -35 0
-42 -36 0
-42 -37 0
-42 -38 0
-42 -39 0
-42 -40 0
-42 -41 0
-42 -43 0
-42 -44 0
-42 -45 0
-42 -46 0
-42 -47 0
-42 -48 0
-43 -25 0
-43 -26 0
-43 -27 0
-43 -28 0
-43 -29 0
-43 -30 0
-43 -31 0
-43 -32 0
-43 -33 0
-43 -34 0
-43 -35 0
-43 -36 0
-43 -37 0
-43 -38 0
-43 -39 0
-43 -40 0
-43 -41 0
-43 -42 0
-43 -44 0
-43 -45 0
-43 -46 0
-43 -47 0
-43 -48 0
-44 -25 0
-44 -26 0
-44 -27 0
-44 -28 0
-44 -29 0
-44 -30 0
-44 -31 0
-44 -32 0
-44 -33 0
-44 -34 0
-44 -35 0
-44 -36 0
-44 -37 0
-44 -38 0
-44 -39 0
-44 -40 0
-44 -41 0
-44 -42 0
-44 -43 0
-44 -45 0
-44 -46 0
-44 -47 0
-44 -48 0
-45 -25 0
-45 -26 0
-45 -27 0
-45 -28 0
-45 -29 0
-45 -30 0
-45 -31 0
-45 -32 0
-45 -33 0
-45 -34 0
-45 -35 0
-45 -36 0
-45 -37 0
-45 -38 0
-45 -39 0
-45 -40 0
-45 -41 0
-45 -42 0
-45 -43 0
-45 -44 0
-45 -46 0
-45 -47 0
-45 -48 0
-46 -25 0
-46 -26 0
-46 -27 0
-46 -28 0
-46 -29 0
-46 -30 0
-46 -31 0
-46 -32 0
-46 -33 0
-46 -34 0
-46 -35 0
-46 -36 0
-46 -37 0
-46 -38 0
-46 -39 0
-46 -40 0
-46 -41 0
-46 -42 0
-46 -43 0
-46 -44 0
-46 -45 0
-46 -47 0
-46 -48 0
-47 -25 0
-47 -26 0
-47 -27 0
-47 -28 0
-47 -29 0
-47 -30 0
-47 -31 0
-47 -32 0
-47 -33 0
-47 -34 0
-47 -35 0
-47 -36 0
-47 -37 0
-47 -38 0
-47 -39 0
-47 -40 0
-47 -41 0
-47 -42 0
-47 -43 0
-47 -44 0
-47 -45 0
-47 -46 0
-47 -48 0
-48 -25 0
-48 -26 0
-48 -27 0
-48 -28 0
-48 -29 0
-48 -30 0
-48 -31 0
-48 -32 0
-48 -33 0
-48 -34 0
-48 -35 0
-48 -36 0
-48 -37 0
-48 -38 0
-48 -39 0
-48 -40 0
-48 -41 0
-48 -42 0
-48 -43 0
-48 -44 0
-48 -45 0
-48 -46 0
-48 -47 0
-49 -50 0
-49 -51 0
-49 -52 0
-49 -53 0
-49 -54 0
-49 -55 0
-49 -56 0
-49 -57 0
-49 -58 0
-49 -59 0
-49 -60 0
-49 -61 0
-49 -62 0
-49 -63 0
-49 -64 0
-49 -65 0
-49 -66 0
-49 -67 0
-49 -68 0
-49 -69 0
-49 -70 0
-49 -71 0
-49 -72 0
-50 -49 0
-50 -51 0
-50 -52 0
-50 -53 0
-50 -54 0
-50 -55 0
-50 -56 0
-50 -57 0
-50 -58 0
-50 -59 0
-50 -60 0
-50 -61 0
-50 -62 0
-50 -63 0
-50 -64 0
-50 -65 0
-50 -66 0
-50 -67 0
-50 -68 0
-50 -69 0
-50 -70 0
-50 -71 0
-50 -72 0
-51 -49 0
-51 -50 0
-51 -52 0
-51 -53 0
-51 -54 0
-51 -55 0
-51 -56 0
-51 -57 0
-51 -58 0
-51 -59 0
-51 -60 0
-51 -61 0
-51 -62 0
-51 -63 0
-51 -64 0
-51 -65 0
-51 -66 0
-51 -67 0
-51 -68 0
-51 -69 0
-51 -70 0
-51 -71 0
-51 -72 0
-52 -49 0
-52 -50 0
-52 -51 0
-52 -53 0
-52 -54 0
-52 -55 0
-52 -56 0
-52 -57 0
-52 -58 0
-52 -59 0
-52 -60 0
-52 -61 0
-52 -62 0
-52 -63 0
-52 -64 0
-52 -65 0
-52 -66 0
-52 -67 0
-52 -68 0
-52 -69 0
-52 -70 0
-52 -71 0
-52 -72 0
-53 -49 0
-53 -50 0
-53 -51 0
-53 -52 0
-53 -54 0
-53 -55 0
-53 -56 0
-53 -57 0
-53 -58 0
-53 -59 0
-53 -60 0
-53 -61 0
-53 -62 0
-53 -63 0
-53 -64 0
-53 -65 0
-53 -66 0
-53 -67 0
-53 -68 0
-53 -69 0
-53 -70 0
-53 -71 0
-53 -72 0
-54 -49 0
-54 -50 0
-54 -51 0
-54 -52 0
-54 -53 0
-54 -55 0
-54 -56 0
-54 -57 0
-54 -58 0
-54 -59 0
-54 -60 0
-54 -61 0
-54 -62 0
-54 -63 0
-54 -64 0
-54 -65 0
-54 -66 0
-54 -67 0
-54 -68 0
-54 -69 0
-54 -70 0
-54 -71 0
-54 -72 0
-55 -49 0
-55 -50 0
-55 -51 0
-55 -52 0
-55 -53 0
-55 -54 0
-55 -56 0
-55 -57 0
-55 -58 0
-55 -59 0
-55 -60 0
-55 -61 0
-55 -62 0
-55 -63 0
-55 -64 0
-55 -65 0
-55 -66 0
-55 -67 0
-55 -68 0
-55 -69 0
-55 -70 0
-55 -71 0
-55 -72 0
-56 -49 0
-56 -50 0
-56 -51 0
-56 -52 0
-56 -53 0
-56 -54 0
-56 -55 0
-56 -57 0
-56 -58 0
-56 -59 0
-56 -60 0
-56 -61 0
-56 -62 0
-56 -63 0
-56 -64 0
-56 -65 0
-56 -66 0
-56 -67 0
-56 -68 0
-56 -69 0
-56 -70 0
-56 -71 0
-56 -72 0
-57 -49 0
-57 -50 0
-57 -51 0
-57 -52 0
-57 -53 0
-57 -54 0
-57 -55 0
-57 -56 0
-57 -58 0
-57 -59 0
-57 -60 0
-57 -61 0
-57 -62 0
-57 -63 0
-57 -64 0
-57 -65 0
-57 -66 0
-57 -67 0
-57 -68 0
-57 -69 0
-57 -70 0
-57 -71 0
-57 -72 0
-58 -49 0
-58 -50 0
-58 -51 0
-58 -52 0
-58 -53 0
-58 -54 0
-58 -55 0
-58 -56 0
-58 -57 0
-58 -59 0
-58 -60 0
-58 -61 0
-58 -62 0
-58 -63 0
-58 -64 0
-58 -65 0
-58 -66 0
-58 -67 0
-58 -68 0
-58 -69 0
-58 -70 0
-58 -71 0
-58 -72 0
-59 -49 0
-59 -50 0
-59 -51 0
-59 -52 0
-59 -53 0
-59 -54 0
-59 -55 0
-59 -56 0
-59 -57 0
-59 -58 0
-59 -60 0
-59 -61 0
-59 -62 0
-59 -63 0
-59 -64 0
-59 -65 0
-59 -66 0
-59 -67 0
-59 -68 0
-59 -69 0
-59 -70 0
-59 -71 0
-59 -72 0
-60 -49 0
-60 -50 0
-60 -51 0
-60 -52 0
-60 -53 0
-60 -54 0
-60 -55 0
-60 -56 0
-60 -57 0
-60 -58 0
-60 -59 0
-60 -61 0
-60 -62 0
-60 -63 0
-60 -64 0
-60 -65 0
-60 -66 0
-60 -67 0
-60 -68 0
-60 -69 0
-60 -70 0
-60 -71 0
-60 -72 0
-61 -49 0
-61 -50 0
-61 -51 0
-61 -52 0
-61 -53 0
-61 -54 0
-61 -55 0
-61 -56 0
-61 -57 0
-61 -58 0
-61 -59 0
-61 -60 0
-61 -62 0
-61 -63 0
-61 -64 0
-61 -65 0
-61 -66 0
-61 -67 0
-61 -68 0
-61 -69 0
-61 -70 0
-61 -71 0
-61 -72 0
-62 -49 0
-62 -50 0
-62 -51 0
-62 -52 0
-62 -53 0
-62 -54 0
-62 -55 0
-62 -56 0
-62 -57 0
-62 -58 0
-62 -59 0
-62 -60 0
-62 -61 0
-62 -63 0
-62 -64 0
-62 -65 0
-62 -66 0
-62 -67 0
-62 -68 0
-62 -69 0
-62 -70 0
-62 -71 0
-62 -72 0
-63 -49 0
-63 -50 0
-63 -51 0
-63 -52 0
-63 -53 0
-63 -54 0
-63 -55 0
-63 -56 0
-63 -57 0
-63 -58 0
-63 -59 0
-63 -60 0
-63 -61 0
-63 -62 0
-63 -64 0
-63 -65 0
-63 -66 0
-63 -67 0
-63 -68 0
-63 -69 0
-63 -70 0
-63 -71 0
-63 -72 0
-64 -49 0
-64 -50 0
-64 -51 0
-64 -52 0
-64 -53 0
-64 -54 0
-64 -55 0
-64 -56 0
-64 -57 0
-64 -58 0
-64 -59 0
-64 -60 0
-64 -61 0
-64 -62 0
-64 -63 0
-64 -65 0
-64 -66 0
-64 -67 0
-64 -68 0
-64 -69 0
-64 -70 0
-64 -71 0
-64 -72 0
-65 -49 0
-65 -50 0
-65 -51 0
-65 -52 0
-65 -53 0
-65 -54 0
-65 -55 0
-65 -56 0
-65 -57 0
-65 -58 0
-65 -59 0
-65 -60 0
-65 -61 0
-65 -62 0
-65 -63 0
-65 -64 0
-65 -66 0
-65 -67 0
-65 -68 0
-65 -69 0
-65 -70 0
-65 -71 0
-65 -72 0
-66 -49 0
-66 -50 0
-66 -51 0
-66 -52 0
-66 -53 0
-66 -54 0
-66 -55 0
-66 -56 0
-66 -57 0
-66 -58 0
-66 -59 0
-66 -60 0
-66 -61 0
-66 -62 0
-66 -63 0
-66 -64 0
-66 -65 0
-66 -67 0
-66 -68 0
-66 -69 0
-66 -70 0
-66 -71 0
-66 -72 0
-67 -49 0
-67 -50 0
-67 -51 0
-67 -52 0
-67 -53 0
-67 -54 0
-67 -55 0
-67 -56 0
-67 -57 0
-67 -58 0
-67 -59 0
-67 -60 0
-67 -61 0
-67 -62 0
-67 -63 0
-67 -64 0
-67 -65 0
-67 -66 0
-67 -68 0
-67 -69 0
-67 -70 0
-67 -71 0
-67 -72 0
-68 -49 0
-68 -50 0
-68 -51 0
-68 -52 0
-68 -53 0
-68 -54 0
-68 -55 0
-68 -56 0
-68 -57 0
-68 -58 0
-68 -59 0
-68 -60 0
-68 -61 0
-68 -62 0
-68 -63 0
-68 -64 0
-68 -65 0
-68 -66 0
-68 -67 0
-68 -69 0
-68 -70 0
-68 -71 0
-68 -72 0
-69 -49 0
-69 -50 0
-69 -51 0
-69 -52 0
-69 -53 0
-69 -54 0
-69 -55 0
-69 -56 0
-69 -57 0
-69 -58 0
-69 -59 0
-69 -60 0
-69 -61 0
-69 -62 0
-69 -63 0
-69 -64 0
-69 -65 0
-69 -66 0
-69 -67 0
-69 -68 0
-69 -70 0
-69 -71 0
-69 -72 0
-70 -49 0
-70 -50 0
-70 -51 0
-70 -52 0
-70 -53 0
-70 -54 0
-70 -55 0
-70 -56 0
-70 -57 0
-70 -58 0
-70 -59 0
-70 -60 0
-70 -61 0
-70 -62 0
-70 -63 0
-70 -64 0
-70 -65 0
-70 -66 0
-70 -67 0
-70 -68 0
-70 -69 0
-70 -71 0
-70 -72 0
-71 -49 0
-71 -50 0
-71 -51 0
-71 -52 0
-71 -53 0
-71 -54 0
-71 -55 0
-71 -56 0
-71 -57 0
-71 -58 0
-71 -59 0
-71 -60 0
-71 -61 0
-71 -62 0
-71 -63 0
-71 -64 0
-71 -65 0
-71 -66 0
-71 -67 0
-71 -68 0
-71 -69 0
-71 -70 0
-71 -72 0
-72 -49 0
-72 -50 0
-72 -51 0
-72 -52 0
-72 -53 0
-72 -54 0
-72 -55 0
-72 -56 0
-72 -57 0
-72 -58 0
-72 -59 0
-72 -60 0
-72 -61 0
-72 -62 0
-72 -63 0
-72 -64 0
-72 -65 0
-72 -66 0
-72 -67 0
-72 -68 0
-72 -69 0
-72 -70 0
-72 -71 0
-73 -74 0
-73 -75 0
-73 -76 0
-73 -77 0
-73 -78 0
-73 -79 0
-73 -80 0
-73 -81 0
-73 -82 0
-73 -83 0
-73 -84 0
-73 -85 0
-73 -86 0
-73 -87 0
-73 -88 0
-73 -89 0
-73 -90 0
-73 -91 0
-73 -92 0
-73 -93 0
-73 -94 0
-73 -95 0
-73 -96 0
-74 -73 0
-74 -75 0
-74 -76 0
-74 -77 0
-74 -78 0
-74 -79 0
-74 -80 0
-74 -81 0
-74 -82 0
-74 -83 0
-74 -84 0
-74 -85 0
-74 -86 0
-74 -87 0
-74 -88 0
-74 -89 0
-74 -90 0
-74 -91 0
-74 -92 0
-74 -93 0
-74 -94 0
-74 -95 0
-74 -96 0
-75 -73 0
-75 -74 0
-75 -76 0
-75 -77 0
-75 -78 0
-75 -79 0
-75 -80 0
-75 -81 0
-75 -82 0
-75 -83 0
-75 -84 0
-75 -85 0
-75 -86 0
-75 -87 0
-75 -88 0
-75 -89 0
-75 -90 0
-75 -91 0
-75 -92 0
-75 -93 0
-75 -94 0
-75 -95 0
-75 -96 0
-76 -73 0
-76 -74 0
-76 -75 0
-76 -77 0
-76 -78 0
-76 -79 0
-76 -80 0
-76 -81 0
-76 -82 0
-76 -83 0
-76 -84 0
-76 -85 0
-76 -86 0
-76 -87 0
-76 -88 0
-76 -89 0
-76 -90 0
-76 -91 0
-76 -92 0
-76 -93 0
-76 -94 0
-76 -95 0
-76 -96 0
-77 -73 0
-77 -74 0
-77 -75 0
-77 -76 0
-77 -78 0
-77 -79 0
-77 -80 0
-77 -81 0
-77 -82 0
-77 -83 0
-77 -84 0
-77 -85 0
-77 -86 0
-77 -87 0
-77 -88 0
-77 -89 0
-77 -90 0
-77 -91 0
-77 -92 0
-77 -93 0
-77 -94 0
-77 -95 0
-77 -96 0
-78 -73 0
-78 -74 0
-78 -75 0
-78 -76 0
-78 -77 0
-78 -79 0
-78 -80 0
-78 -81 0
-78 -82 0
-78 -83 0
-78 -84 0
-78 -85 0
-78 -86 0
-78 -87 0
-78 -88 0
-78 -89 0
-78 -90 0
-78 -91 0
-78 -92 0
-78 -93 0
-78 -94 0
-78 -95 0
-78 -96 0
-79 -73 0
-79 -74 0
-79 -75 0
-79 -76 0
-79 -77 0
-79 -78 0
-79 -80 0
-79 -81 0
-79 -82 0
-79 -83 0
-79 -84 0
-79 -85 0
-79 -86 0
-79 -87 0
-79 -88 0
-79 -89 0
-79 -90 0
-79 -91 0
-79 -92 0
-79 -93 0
-79 -94 0
-79 -95 0
-79 -96 0
-80 -73 0
-80 -74 0
-80 -75 0
-80 -76 0
-80 -77 0
-80 -78 0
-80 -79 0
-80 -81 0
-80 -82 0
-80 -83 0
-80 -84 0
-80 -85 0
-80 -86 0
-80 -87 0
-80 -88 0
-80 -89 0
-80 -90 0
-80 -91 0
-80 -92 0
-80 -93 0
-80 -94 0
-80 -95 0
-80 -96 0
-81 -73 0
-81 -74 0
-81 -75 0
-81 -76 0
-81 -77 0
-81 -78 0
-81 -79 0
-81 -80 0
-81 -82 0
-81 -83 0
-81 -84 0
-81 -85 0
-81 -86 0
-81 -87 0
-81 -88 0
-81 -89 0
-81 -90 0
-81 -91 0
-81 -92 0
-81 -93 0
-81 -94 0
-81 -95 0
-81 -96 0
-82 -73 0
-82 -74 0
-82 -75 0
-82 -76 0
-82 -77 0
-82 -78 0
-82 -79 0
-82 -80 0
-82 -81 0
-82 -83 0
-82 -84 0
-82 -85 0
-82 -86 0
-82 -87 0
-82 -88 0
-82 -89 0
-82 -90 0
-82 -91 0
-82 -92 0
-82 -93 0
-82 -94 0
-82 -95 0
-82 -96 0
-83 -73 0
-83 -74 0
-83 -75 0
-83 -76 0
-83 -77 0
-83 -78 0
-83 -79 0
-83 -80 0
-83 -81 0
-83 -82 0
-83 -84 0
-83 -85 0
-83 -86 0
-83 -87 0
-83 -88 0
-83 -89 0
-83 -90 0
-83 -91 0
-83 -92 0
-83 -93 0
-83 -94 0
-83 -95 0
-83 -96 0
-84 -73 0
-84 -74 0
-84 -75 0
-84 -76 0
-84 -77 0
-84 -78 0
-84 -79 0
-84 -80 0
-84 -81 0
-84 -82 0
-84 -83 0
-84 -85 0
-84 -86 0
-84 -87 0
-84 -88 0
-84 -89 0
-84 -90 0
-84 -91 0
-84 -92 0
-84 -93 0
-84 -94 0
-84 -95 0
-84 -96 0
-85 -73 0
-85 -74 0
-85 -75 0
-85 -76 0
-85 -77 0
-85 -78 0
-85 -79 0
-85 -80 0
-85 -81 0
-85 -82 0
-85 -83 0
-85 -84 0
-85 -86 0
-85 -87 0
-85 -88 0
-85 -89 0
-85 -90 0
-85 -91 0
-85 -92 0
-85 -93 0
-85 -94 0
-85 -95 0
-85 -96 0
-86 -73 0
-86 -74 0
-86 -75 0
-86 -76 0
-86 -77 0
-86 -78 0
-86 -79 0
-86 -80 0
-86 -81 0
-86 -82 0
-86 -83 0
-86 -84 0
-86 -85 0
-86 -87 0
-86 -88 0
-86 -89 0
-86 -90 0
-86 -91 0
-86 -92 0
-86 -93 0
-86 -94 0
-86 -95 0
-86 -96 0
-87 -73 0
-87 -74 0
-87 -75 0
-87 -76 0
-87 -77 0
-87 -78 0
-87 -79 0
-87 -80 0
-87 -81 0
-87 -82 0
-87 -83 0
-87 -84 0
-87 -85 0
-87 -86 0
-87 -88 0
-87 -89 0
-87 -90 0
-87 -91 0
-87 -92 0
-87 -93 0
-87 -94 0
-87 -95 0
-87 -96 0
-88 -73 0
-88 -74 0
-88 -75 0
-88 -76 0
-88 -77 0
-88 -78 0
-88 -79 0
-88 -80 0
-88 -81 0
-88 -82 0
-88 -83 0
-88 -84 0
-88 -85 0
-88 -86 0
-88 -87 0
-88 -89 0
-88 -90 0
-88 -91 0
-88 -92 0
-88 -93 0
-88 -94 0
-88 -95 0
-88 -96 0
-89 -73 0
-89 -74 0
-89 -75 0
-89 -76 0
-89 -77 0
-89 -78 0
-89 -79 0
-89 -80 0
-89 -81 0
-89 -82 0
-89 -83 0
-89 -84 0
-89 -85 0
-89 -86 0
-89 -87 0
-89 -88 0
-89 -90 0
-89 -91 0
-89 -92 0
-89 -93 0
-89 -94 0
-89 -95 0
-89 -96 0
-90 -73 0
-90 -74 0
-90 -75 0
-90 -76 0
-90 -77 0
-90 -78 0
-90 -79 0
-90 -80 0
-90 -81 0
-90 -82 0
-90 -83 0
-90 -84 0
-90 -85 0
-90 -86 0
-90 -87 0
-90 -88 0
-90 -89 0
-90 -91 0
-90 -92 0
-90 -93 0
-90 -94 0
-90 -95 0
-90 -96 0
-91 -73 0
-91 -74 0
-91 -75 0
-91 -76 0
-91 -77 0
-91 -78 0
-91 -79 0
-91 -80 0
-91 -81 0
-91 -82 0
-91 -83 0
-91 -84 0
-91 -85 0
-91 -86 0
-91 -87 0
-91 -88 0
-91 -89 0
-91 -90 0
-91 -92 0
-91 -93 0
-91 -94 0
-91 -95 0
-91 -96 0
-92 -73 0
-92 -74 0
-92 -75 0
-92 -76 0
-92 -77 0
-92 -78 0
-92 -79 0
-92 -80 0
-92 -81 0
-92 -82 0
-92 -83 0
-92 -84 0
-92 -85 0
-92 -86 0
-92 -87 0
-92 -88 0
-92 -89 0
-92 -90 0
-92 -91 0
-92 -93 0
-92 -94 0
-92 -95 0
-92 -96 0
-93 -73 0
-93 -74 0
-93 -75 0
-93 -76 0
-93 -77 0
-93 -78 0
-93 -79 0
-93 -80 0
-93 -81 0
-93 -82 0
-93 -83 0
-93 -84 0
-93 -85 0
-93 -86 0
-93 -87 0
-93 -88 0
-93 -89 0
-93 -90 0
-93 -91 0
-93 -92 0
-93 -94 0
-93 -95 0
-93 -96 0
-94 -73 0
-94 -74 0
-94 -75 0
-94 -76 0
-94 -77 0
-94 -78 0
-94 -79 0
-94 -80 0
-94 -81 0
-94 -82 0
-94 -83 0
-94 -84 0
-94 -85 0
-94 -86 0
-94 -87 0
-94 -88 0
-94 -89 0
-94 -90 0
-94 -91 0
-94 -92 0
-94 -93 0
-94 -95 0
-94 -96 0
-95 -73 0
-95 -74 0
-95 -75 0
-95 -76 0
-95 -77 0
-95 -78 0
-95 -79 0
-95 -80 0
-95 -81 0
-95 -82 0
-95 -83 0
-95 -84 0
-95 -85 0
-95 -86 0
-95 -87 0
-95 -88 0
-95 -89 0
-95 -90 0
-95 -91 0
-95 -92 0
-95 -93 0
-95 -94 0
-95 -96 0
-96 -73 0
-96 -74 0
-96 -75 0
-96 -76 0
-96 -77 0
-96 -78 0
-96 -79 0
-96 -80 0
-96 -81 0
-96 -82 0
-96 -83 0
-96 -84 0
-96 -85 0
-96 -86 0
-96 -87 0
-96 -88 0
-96 -89 0
-96 -90 0
-96 -91 0
-96 -92 0
-96 -93 0
-96 -94 0
-96 -95 0
-97 -98 0
-97 -99 0
-97 -100 0
-97 -101 0
-97 -102 0
-97 -103 0
-97 -104 0
-97 -105 0
-97 -106 0
-97 -107 0
-97 -108 0
-97 -109 0
-97 -110 0
-97 -111 0
-97 -112 0
-97 -113 0
-97 -114 0
-97 -115 0
-97 -116 0
-97 -117 0
-97 -118 0
-97 -119 0
-97 -120 0
-98 -97 0
-98 -99 0
-98 -100 0
-98 -101 0
-98 -102 0
-98 -103 0
-98 -104 0
-98 -105 0
-98 -106 0
-98 -107 0
-98 -108 0
-98 -109 0
-98 -110 0
-98 -111 0
-98 -112 0
-98 -113 0
-98 -114 0
-98 -115 0
-98 -116 0
-98 -117 0
-98 -118 0
-98 -119 0
-98 -120 0
-99 -97 0
-99 -98 0
-99 -100 0
-99 -101 0
-99 -102 0
-99 -103 0
-99 -104 0
-99 -105 0
-99 -106 0
-99 -107 0
-99 -108 0
-99 -109 0
-99 -110 0
-99 -111 0
-99 -112 0
-99 -113 0
-99 -114 0
-99 -115 0
-99 -116 0
-99 -117 0
-99 -118 0
-99 -119 0
-99 -120 0
-100 -97 0
-100 -98 0
-100 -99 0
-100 -101 0
-100 -102 0
-100 -103 0
-100 -104 0
-100 -105 0
-100 -106 0
-100 -107 0
-100 -108 0
-100 -109 0
-100 -110 0
-100 -111 0
-100 -112 0
-100 -113 0
-100 -114 0
-100 -115 0
-100 -116 0
-100 -117 0
-100 -118 0
-100 -119 0
-100 -120 0
-101 -97 0
-101 -98 0
-101 -99 0
-101 -100 0
-101 -102 0
-101 -103 0
-101 -104 0
-101 -105 0
-101 -106 0
-101 -107 0
-101 -108 0
-101 -109 0
-101 -110 0
-101 -111 0
-101 -112 0
-101 -113 0
-101 -114 0
-101 -115 0
-101 -116 0
-101 -117 0
-101 -118 0
-101 -119 0
-101 -120 0
-102 -97 0
-102 -98 0
-102 -99 0
-102 -100 0
-102 -101 0
-102 -103 0
-102 -104 0
-102 -105 0
-102 -106 0
-102 -107 0
-102 -108 0
-102 -109 0
-102 -110 0
-102 -111 0
-102 -112 0
-102 -113 0
-102 -114 0
-102 -115 0
-102 -116 0
-102 -117 0
-102 -118 0
-102 -119 0
-102 -120 0
-103 -97 0
-103 -98 0
-103 -99 0
-103 -100 0
-103 -101 0
-103 -102 0
-103 -104 0
-103 -105 0
-103 -106 0
-103 -107 0
-103 -108 0
-103 -109 0
-103 -110 0
-103 -111 0
-103 -112 0
-103 -113 0
-103 -114 0
-103 -115 0
-103 -116 0
-103 -117 0
-103 -118 0
-103 -119 0
-103 -120 0
-104 -97 0
-104 -98 0
-104 -99 0
-104 -100 0
-104 -101 0
-104 -102 0
-104 -103 0
-104 -105 0
-104 -106 0
-104 -107 0
-104 -108 0
-104 -109 0
-104 -110 0
-104 -111 0
-104 -112 0
-104 -113 0
-104 -114 0
-104 -115 0
-104 -116 0
-104 -117 0
-104 -118 0
-104 -119 0
-104 -120 0
-105 -97 0
-105 -98 0
-105 -99 0
-105 -100 0
-105 -101 0
-105 -102 0
-105 -103 0
-105 -104 0
-105 -106 0
-105 -107 0
-105 -108 0
-105 -109 0
-105 -110 0
-105 -111 0
-105 -112 0
-105 -113 0
-105 -114 0
-105 -115 0
-105 -116 0
-105 -117 0
-105 -118 0
-105 -119 0
-105 -120 0
-106 -97 0
-106 -98 0
-106 -99 0
-106 -100 0
-106 -101 0
-106 -102 0
-106 -103 0
-106 -104 0
-106 -105 0
-106 -107 0
-106 -108 0
-106 -109 0
-106 -110 0
-106 -111 0
-106 -112 0
-106 -113 0
-106 -114 0
-106 -115 0
-106 -116 0
-106 -117 0
-106 -118 0
-106 -119 0
-106 -120 0
-107 -97 0
-107 -98 0
-107 -99 0
-107 -100 0
-107 -101 0
-107 -102 0
-107 -103 0
-107 -104 0
-107 -105 0
-107 -106 0
-107 -108 0
-107 -109 0
-107 -110 0
-107 -111 0
-107 -112 0
-107 -113 0
-107 -114 0
-107 -115 0
-107 -116 0
-107 -117 0
-107 -118 0
-107 -119 0
-107 -120 0
-108 -97 0
-108 -98 0
-108 -99 0
-108 -100 0
-108 -101 0
-108 -102 0
-108 -103 0
-108 -104 0
-108 -105 0
-108 -106 0
-108 -107 0
-108 -109 0
-108 -110 0
-108 -111 0
-108 -112 0
-108 -113 0
-108 -114 0
-108 -115 0
-108 -116 0
-108 -117 0
-108 -118 0
-108 -119 0
-108 -120 0
-109 -97 0
-109 -98 0
-109 -99 0
-109 -100 0
-109 -101 0
-109 -102 0
-109 -103 0
-109 -104 0
-109 -105 0
-109 -106 0
-109 -107 0
-109 -108 0
-109 -110 0
-109 -111 0
-109 -112 0
-109 -113 0
-109 -114 0
-109 -115 0
-109 -116 0
-109 -117 0
-109 -118 0
-109 -119 0
-109 -120 0
-110 -97 0
-110 -98 0
-110 -99 0
-110 -100 0
-110 -101 0
-110 -102 0
-110 -103 0
-110 -104 0
-110 -105 0
-110 -106 0
-110 -107 0
-110 -108 0
-110 -109 0
-110 -111 0
-110 -112 0
-110 -113 0
-110 -114 0
-110 -115 0
-110 -116 0
-110 -117 0
-110 -118 0
-110 -119 0
-110 -120 0
-111 -97 0
-111 -98 0
-111 -99 0
-111 -100 0
-111 -101 0
-111 -102 0
-111 -103 0
-111 -104 0
-111 -105 0
-111 -106 0
-111 -107 0
-111 -108 0
-111 -109 0
-111 -110 0
-111 -112 0
-111 -113 0
-111 -114 0
-111 -115 0
-111 -116 0
-111 -117 0
-111 -118 0
-111 -119 0
-111 -120 0
-112 -97 0
-112 -98 0
-112 -99 0
-112 -100 0
-112 -101 0
-112 -102 0
-112 -103 0
-112 -104 0
-112 -105 0
-112 -106 0
-112 -107 0
-112 -108 0
-112 -109 0
-112 -110 0
-112 -111 0
-112 -113 0
-112 -114 0
-112 -115 0
-112 -116 0
-112 -117 0
-112 -118 0
-112 -119 0
-112 -120 0
-113 -97 0
-113 -98 0
-113 -99 0
-113 -100 0
-113 -101 0
-113 -102 0
-113 -103 0
-113 -104 0
-113 -105 0
-113 -106 0
-113 -107 0
-113 -108 0
-113 -109 0
-113 -110 0
-113 -111 0
-113 -112 0
-113 -114 0
-113 -115 0
-113 -116 0
-113 -117 0
-113 -118 0
-113 -119 0
-113 -120 0
-114 -97 0
-114 -98 0
-114 -99 0
-114 -100 0
-114 -101 0
-114 -102 0
-114 -103 0
-114 -104 0
-114 -105 0
-114 -106 0
-114 -107 0
-114 -108 0
-114 -109 0
-114 -110 0
-114 -111 0
-114 -112 0
-114 -113 0
-114 -115 0
-114 -116 0
-114 -117 0
-114 -118 0
-114 -119 0
-114 -120 0
-115 -97 0
-115 -98 0
-115 -99 0
-115 -100 0
-115 -101 0
-115 -102 0
-115 -103 0
-115 -104 0
-115 -105 0
-115 -106 0
-115 -107 0
-115 -108 0
-115 -109 0
-115 -110 0
-115 -111 0
-115 -112 0
-115 -113 0
-115 -114 0
-115 -116 0
-115 -117 0
-115 -118 0
-115 -119 0
-115 -120 0
-116 -97 0
-116 -98 0
-116 -99 0
-116 -100 0
-116 -101 0
-116 -102 0
-116 -103 0
-116 -104 0
-116 -105 0
-116 -106 0
-116 -107 0
-116 -108 0
-116 -109 0
-116 -110 0
-116 -111 0
-116 -112 0
-116 -113 0
-116 -114 0
-116 -115 0
-116 -117 0
-116 -118 0
-116 -119 0
-116 -120 0
-117 -97 0
-117 -98 0
-117 -99 0
-117 -100 0
-117 -101 0
-117 -102 0
-117 -103 0
-117 -104 0
-117 -105 0
-117 -106 0
-117 -107 0
-117 -108 0
-117 -109 0
-117 -110 0
-117 -111 0
-117 -112 0
-117 -113 0
-117 -114 0
-117 -115 0
-117 -116 0
-117 -118 0
-117 -119 0
-117 -120 0
-118 -97 0
-118 -98 0
-118 -99 0
-118 -100 0
-118 -101 0
-118 -102 0
-118 -103 0
-118 -104 0
-118 -105 0
-118 -106 0
-118 -107 0
-118 -108 0
-118 -109 0
-118 -110 0
-118 -111 0
-118 -112 0
-118 -113 0
-118 -114 0
-118 -115 0
-118 -116 0
-118 -117 0
-118 -119 0
-118 -120 0
-119 -97 0
-119 -98 0
-119 -99 0
-119 -100 0
-119 -101 0
-119 -102 0
-119 -103 0
-119 -104 0
-119 -105 0
-119 -106 0
-119 -107 0
-119 -108 0
-119 -109 0
-119 -110 0
-119 -111 0
-119 -112 0
-119 -113 0
-119 -114 0
-119 -115 0
-119 -116 0
-119 -117 0
-119 -118 0
-119 -120 0
-120 -97 0
-120 -98 0
-120 -99 0
-120 -100 0
-120 -101 0
-120 -102 0
-120 -103 0
-120 -104 0
-120 -105 0
-120 -106 0
-120 -107 0
-120 -108 0
-120 -109 0
-120 -110 0
-120 -111 0
-120 -112 0
-120 -113 0
-120 -114 0
-120 -115 0
-120 -116 0
-120 -117 0
-120 -118 0
-120 -119 0
-145 -146 0
-145 -147 0
-145 -148 0
-145 -149 0
-145 -150 0
-145 -151 0
-145 -152 0
-145 -153 0
-145 -154 0
-145 -155 0
-145 -156 0
-145 -157 0
-145 -158 0
-145 -159 0
-145 -160 0
-145 -161 0
-145 -162 0
-145 -163 0
-145 -164 0
-145 -165 0
-145 -166 0
-145 -167 0
-145 -168 0
-146 -145 0
-146 -147 0
-146 -148 0
-146 -149 0
-146 -150 0
-146 -151 0
-146 -152 0
-146 -153 0
-146 -154 0
-146 -155 0
-146 -156 0
-146 -157 0
-146 -158 0
-146 -159 0
-146 -160 0
-146 -161 0
-146 -162 0
-146 -163 0
-146 -164 0
-146 -165 0
-146 -166 0
-146 -167 0
-146 -168 0
-147 -145 0
-147 -146 0
-147 -148 0
-147 -149 0
-147 -150 0
-147 -151 0
-147 -152 0
-147 -153 0
-147 -154 0
-147 -155 0
-147 -156 0
-147 -157 0
-147 -158 0
-147 -159 0
-147 -160 0
-147 -161 0
-147 -162 0
-147 -163 0
-147 -164 0
-147 -165 0
-147 -166 0
-147 -167 0
-147 -168 0
-148 -145 0
-148 -146 0
-148 -147 0
-148 -149 0
-148 -150 0
-148 -151 0
-148 -152 0
-148 -153 0
-148 -154 0
-148 -155 0
-148 -156 0
-148 -157 0
-148 -158 0
-148 -159 0
-148 -160 0
-148 -161 0
-148 -162 0
-148 -163 0
-148 -164 0
-148 -165 0
-148 -166 0
-148 -167 0
-148 -168 0
-149 -145 0
-149 -146 0
-149 -147 0
-149 -148 0
-149 -150 0
-149 -151 0
-149 -152 0
-149 -153 0
-149 -154 0
-149 -155 0
-149 -156 0
-149 -157 0
-149 -158 0
-149 -159 0
-149 -160 0
-149 -161 0
-149 -162 0
-149 -163 0
-149 -164 0
-149 -165 0
-149 -166 0
-149 -167 0
-149 -168 0
-150 -145 0
-150 -146 0
-150 -147 0
-150 -148 0
-150 -149 0
-150 -151 0
-150 -152 0
-150 -153 0
-150 -154 0
-150 -155 0
-150 -156 0
-150 -157 0
-150 -158 0
-150 -159 0
-150 -160 0
-150 -161 0
-150 -162 0
-150 -163 0
-150 -164 0
-150 -165 0
-150 -166 0
-150 -167 0
-150 -168 0
-151 -145 0
-151 -146 0
-151 -147 0
-151 -148 0
-151 -149 0
-151 -150 0
-151 -152 0
-151 -153 0
-151 -154 0
-151 -155 0
-151 -156 0
-151 -157 0
-151 -158 0
-151 -159 0
-151 -160 0
-151 -161 0
-151 -162 0
-151 -163 0
-151 -164 0
-151 -165 0
-151 -166 0
-151 -167 0
-151 -168 0
-152 -145 0
-152 -146 0
-152 -147 0
-152 -148 0
-152 -149 0
-152 -150 0
-152 -151 0
-152 -153 0
-152 -154 0
-152 -155 0
-152 -156 0
-152 -157 0
-152 -158 0
-152 -159 0
-152 -160 0
-152 -161 0
-152 -162 0
-152 -163 0
-152 -164 0
-152 -165 0
-152 -166 0
-152 -167 0
-152 -168 0
-153 -145 0
-153 -146 0
-153 -147 0
-153 -148 0
-153 -149 0
-153 -150 0
-153 -151 0
-153 -152 0
-153 -154 0
-153 -155 0
-153 -156 0
-153 -157 0
-153 -158 0
-153 -159 0
-153 -160 0
-153 -161 0
-153 -162 0
-153 -163 0
-153 -164 0
-153 -165 0
-153 -166 0
-153 -167 0
-153 -168 0
-154 -145 0
-154 -146 0
-154 -147 0
-154 -148 0
-154 -149 0
-154 -150 0
-154 -151 0
-154 -152 0
-154 -153 0
-154 -155 0
-154 -156 0
-154 -157 0
-154 -158 0
-154 -159 0
-154 -160 0
-154 -161 0
-154 -162 0
-154 -163 0
-154 -164 0
-154 -165 0
-154 -166 0
-154 -167 0
-154 -168 0
-155 -145 0
-155 -146 0
-155 -147 0
-155 -148 0
-155 -149 0
-155 -150 0
-155 -151 0
-155 -152 0
-155 -153 0
-155 -154 0
-155 -156 0
-155 -157 0
-155 -158 0
-155 -159 0
-155 -160 0
-155 -161 0
-155 -162 0
-155 -163 0
-155 -164 0
-155 -165 0
-155 -166 0
-155 -167 0
-155 -168 0
-156 -145 0
-156 -146 0
-156 -147 0
-156 -148 0
-156 -149 0
-156 -150 0
-156 -151 0
-156 -152 0
-156 -153 0
-156 -154 0
-156 -155 0
-156 -157 0
-156 -158 0
-156 -159 0
-156 -160 0
-156 -161 0
-156 -162 0
-156 -163 0
-156 -164 0
-156 -165 0
-156 -166 0
-156 -167 0
-156 -168 0
-157 -145 0
-157 -146 0
-157 -147 0
-157 -148 0
-157 -149 0
-157 -150 0
-157 -151 0
-157 -152 0
-157 -153 0
-157 -154 0
-157 -155 0
-157 -156 0
-157 -158 0
-157 -159 0
-157 -160 0
-157 -161 0
-157 -162 0
-157 -163 0
-157 -164 0
-157 -165 0
-157 -166 0
-157 -167 0
-157 -168 0
-158 -145 0
-158 -146 0
-158 -147 0
-158 -148 0
-158 -149 0
-158 -150 0
-158 -151 0
-158 -152 0
-158 -153 0
-158 -154 0
-158 -155 0
-158 -156 0
-158 -157 0
-158 -159 0
-158 -160 0
-158 -161 0
-158 -162 0
-158 -163 0
-158 -164 0
-158 -165 0
-158 -166 0
-158 -167 0
-158 -168 0
-159 -145 0
-159 -146 0
-159 -147 0
-159 -148 0
-159 -149 0
-159 -150 0
-159 -151 0
-159 -152 0
-159 -153 0
-159 -154 0
-159 -155 0
-159 -156 0
-159 -157 0
-159 -158 0
-159 -160 0
-159 -161 0
-159 -162 0
-159 -163 0
-159 -164 0
-159 -165 0
-159 -166 0
-159 -167 0
-159 -168 0
-160 -145 0
-160 -146 0
-160 -147 0
-160 -148 0
-160 -149 0
-160 -150 0
-160 -151 0
-160 -152 0
-160 -153 0
-160 -154 0
-160 -155 0
-160 -156 0
-160 -157 0
-160 -158 0
-160 -159 0
-160 -161 0
-160 -162 0
-160 -163 0
-160 -164 0
-160 -165 0
-160 -166 0
-160 -167 0
-160 -168 0
-161 -145 0
-161 -146 0
-161 -147 0
-161 -148 0
-161 -149 0
-161 -150 0
-161 -151 0
-161 -152 0
-161 -153 0
-161 -154 0
-161 -155 0
-161 -156 0
-161 -157 0
-161 -158 0
-161 -159 0
-161 -160 0
-161 -162 0
-161 -163 0
-161 -164 0
-161 -165 0
-161 -166 0
-161 -167 0
-161 -168 0
-162 -145 0
-162 -146 0
-162 -147 0
-162 -148 0
-162 -149 0
-162 -150 0
-162 -151 0
-162 -152 0
-162 -153 0
-162 -154 0
-162 -155 0
-162 -156 0
-162 -157 0
-162 -158 0
-162 -159 0
-162 -160 0
-162 -161 0
-162 -163 0
-162 -164 0
-162 -165 0
-162 -166 0
-162 -167 0
-162 -168 0
-163 -145 0
-163 -146 0
-163 -147 0
-163 -148 0
-163 -149 0
-163 -150 0
-163 -151 0
-163 -152 0
-163 -153 0
-163 -154 0
-163 -155 0
-163 -156 0
-163 -157 0
-163 -158 0
-163 -159 0
-163 -160 0
-163 -161 0
-163 -162 0
-163 -164 0
-163 -165 0
-163 -166 0
-163 -167 0
-163 -168 0
-164 -145 0
-164 -146 0
-164 -147 0
-164 -148 0
-164 -149 0
-164 -150 0
-164 -151 0
-164 -152 0
-164 -153 0
-164 -154 0
-164 -155 0
-164 -156 0
-164 -157 0
-164 -158 0
-164 -159 0
-164 -160 0
-164 -161 0
-164 -162 0
-164 -163 0
-164 -165 0
-164 -166 0
-164 -167 0
-164 -168 0
-165 -145 0
-165 -146 0
-165 -147 0
-165 -148 0
-165 -149 0
-165 -150 0
-165 -151 0
-165 -152 0
-165 -153 0
-165 -154 0
-165 -155 0
-165 -156 0
-165 -157 0
-165 -158 0
-165 -159 0
-165 -160 0
-165 -161 0
-165 -162 0
-165 -163 0
-165 -164 0
-165 -166 0
-165 -167 0
-165 -168 0
-166 -145 0
-166 -146 0
-166 -147 0
-166 -148 0
-166 -149 0
-166 -150 0
-166 -151 0
-166 -152 0
-166 -153 0
-166 -154 0
-166 -155 0
-166 -156 0
-166 -157 0
-166 -158 0
-166 -159 0
-166 -160 0
-166 -161 0
-166 -162 0
-166 -163 0
-166 -164 0
-166 -165 0
-166 -167 0
-166 -168 0
-167 -145 0
-167 -146 0
-167 -147 0
-167 -148 0
-167 -149 0
-167 -150 0
-167 -151 0
-167 -152 0
-167 -153 0
-167 -154 0
-167 -155 0
-167 -156 0
-167 -157 0
-167 -158 0
-167 -159 0
-167 -160 0
-167 -161 0
-167 -162 0
-167 -163 0
-167 -164 0
-167 -165 0
-167 -166 0
-167 -168 0
-168 -145 0
-168 -146 0
-168 -147 0
-168 -148 0
-168 -149 0
-168 -150 0
-168 -151 0
-168 -152 0
-168 -153 0
-168 -154 0
-168 -155 0
-168 -156 0
-168 -157 0
-168 -158 0
-168 -159 0
-168 -160 0
-168 -161 0
-168 -162 0
-168 -163 0
-168 -164 0
-168 -165 0
-168 -166 0
-168 -167 0
-169 -170 0
-169 -171 0
-169 -172 0
-169 -173 0
-169 -174 0
-169 -175 0
-169 -176 0
-169 -177 0
-169 -178 0
-169 -179 0
-169 -180 0
-169 -181 0
-169 -182 0
-169 -183 0
-169 -184 0
-169 -185 0
-169 -186 0
-169 -187 0
-169 -188 0
-169 -189 0
-169 -190 0
-169 -191 0
-169 -192 0
-170 -169 0
-170 -171 0
-170 -172 0
-170 -173 0
-170 -174 0
-170 -175 0
-170 -176 0
-170 -177 0
-170 -178 0
-170 -179 0
-170 -180 0
-170 -181 0
-170 -182 0
-170 -183 0
-170 -184 0
-170 -185 0
-170 -186 0
-170 -187 0
-170 -188 0
-170 -189 0
-170 -190 0
-170 -191 0
-170 -192 0
-171 -169 0
-171 -170 0
-171 -172 0
-171 -173 0
-171 -174 0
-171 -175 0
-171 -176 0
-171 -177 0
-171 -178 0
-171 -179 0
-171 -180 0
-171 -181 0
-171 -182 0
-171 -183 0
-171 -184 0
-171 -185 0
-171 -186 0
-171 -187 0
-171 -188 0
-171 -189 0
-171 -190 0
-171 -191 0
-171 -192 0
-172 -169 0
-172 -170 0
-172 -171 0
-172 -173 0
-172 -174 0
-172 -175 0
-172 -176 0
-172 -177 0
-172 -178 0
-172 -179 0
-172 -180 0
-172 -181 0
-172 -182 0
-172 -183 0
-172 -184 0
-172 -185 0
-172 -186 0
-172 -187 0
-172 -188 0
-172 -189 0
-172 -190 0
-172 -191 0
-172 -192 0
-173 -169 0
-173 -170 0
-173 -171 0
-173 -172 0
-173 -174 0
-173 -175 0
-173 -176 0
-173 -177 0
-173 -178 0
-173 -179 0
-173 -180 0
-173 -181 0
-173 -182 0
-173 -183 0
-173 -184 0
-173 -185 0
-173 -186 0
-173 -187 0
-173 -188 0
-173 -189 0
-173 -190 0
-173 -191 0
-173 -192 0
-174 -169 0
-174 -170 0
-174 -171 0
-174 -172 0
-174 -173 0
-174 -175 0
-174 -176 0
-174 -177 0
-174 -178 0
-174 -179 0
-174 -180 0
-174 -181 0
-174 -182 0
-174 -183 0
-174 -184 0
-174 -185 0
-174 -186 0
-174 -187 0
-174 -188 0
-174 -189 0
-174 -190 0
-174 -191 0
-174 -192 0
-175 -169 0
-175 -170 0
-175 -171 0
-175 -172 0
-175 -173 0
-175 -174 0
-175 -176 0
-175 -177 0
-175 -178 0
-175 -179 0
-175 -180 0
-175 -181 0
-175 -182 0
-175 -183 0
-175 -184 0
-175 -185 0
-175 -186 0
-175 -187 0
-175 -188 0
-175 -189 0
-175 -190 0
-175 -191 0
-175 -192 0
-176 -169 0
-176 -170 0
-176 -171 0
-176 -172 0
-176 -173 0
-176 -174 0
-176 -175 0
-176 -177 0
-176 -178 0
-176 -179 0
-176 -180 0
-176 -181 0
-176 -182 0
-176 -183 0
-176 -184 0
-176 -185 0
-176 -186 0
-176 -187 0
-176 -188 0
-176 -189 0
-176 -190 0
-176 -191 0
-176 -192 0
-177 -169 0
-177 -170 0
-177 -171 0
-177 -172 0
-177 -173 0
-177 -174 0
-177 -175 0
-177 -176 0
-177 -178 0
-177 -179 0
-177 -180 0
-177 -181 0
-177 -182 0
-177 -183 0
-177 -184 0
-177 -185 0
-177 -186 0
-177 -187 0
-177 -188 0
-177 -189 0
-177 -190 0
-177 -191 0
-177 -192 0
-178 -169 0
-178 -170 0
-178 -171 0
-178 -172 0
-178 -173 0
-178 -174 0
-178 -175 0
-178 -176 0
-178 -177 0
-178 -179 0
-178 -180 0
-178 -181 0
-178 -182 0
-178 -183 0
-178 -184 0
-178 -185 0
-178 -186 0
-178 -187 0
-178 -188 0
-178 -189 0
-178 -190 0
-178 -191 0
-178 -192 0
-179 -169 0
-179 -170 0
-179 -171 0
-179 -172 0
-179 -173 0
-179 -174 0
-179 -175 0
-179 -176 0
-179 -177 0
-179 -178 0
-179 -180 0
-179 -181 0
-179 -182 0
-179 -183 0
-179 -184 0
-179 -185 0
-179 -186 0
-179 -187 0
-179 -188 0
-179 -189 0
-179 -190 0
-179 -191 0
-179 -192 0
-180 -169 0
-180 -170 0
-180 -171 0
-180 -172 0
-180 -173 0
-180 -174 0
-180 -175 0
-180 -176 0
-180 -177 0
-180 -178 0
-180 -179 0
-180 -181 0
-180 -182 0
-180 -183 0
-180 -184 0
-180 -185 0
-180 -186 0
-180 -187 0
-180 -188 0
-180 -189 0
-180 -190 0
-180 -191 0
-180 -192 0
-181 -169 0
-181 -170 0
-181 -171 0
-181 -172 0
-181 -173 0
-181 -174 0
-181 -175 0
-181 -176 0
-181 -177 0
-181 -178 0
-181 -179 0
-181 -180 0
-181 -182 0
-181 -183 0
-181 -184 0
-181 -185 0
-181 -186 0
-181 -187 0
-181 -188 0
-181 -189 0
-181 -190 0
-181 -191 0
-181 -192 0
-182 -169 0
-182 -170 0
-182 -171 0
-182 -172 0
-182 -173 0
-182 -174 0
-182 -175 0
-182 -176 0
-182 -177 0
-182 -178 0
-182 -179 0
-182 -180 0
-182 -181 0
-182 -183 0
-182 -184 0
-182 -185 0
-182 -186 0
-182 -187 0
-182 -188 0
-182 -189 0
-182 -190 0
-182 -191 0
-182 -192 0
-183 -169 0
-183 -170 0
-183 -171 0
-183 -172 0
-183 -173 0
-183 -174 0
-183 -175 0
-183 -176 0
-183 -177 0
-183 -178 0
-183 -179 0
-183 -180 0
-183 -181 0
-183 -182 0
-183 -184 0
-183 -185 0
-183 -186 0
-183 -187 0
-183 -188 0
-183 -189 0
-183 -190 0
-183 -191 0
-183 -192 0
-184 -169 0
-184 -170 0
-184 -171 0
-184 -172 0
-184 -173 0
-184 -174 0
-184 -175 0
-184 -176 0
-184 -177 0
-184 -178 0
-184 -179 0
-184 -180 0
-184 -181 0
-184 -182 0
-184 -183 0
-184 -185 0
-184 -186 0
-184 -187 0
-184 -188 0
-184 -189 0
-184 -190 0
-184 -191 0
-184 -192 0
-185 -169 0
-185 -170 0
-185 -171 0
-185 -172 0
-185 -173 0
-185 -174 0
-185 -175 0
-185 -176 0
-185 -177 0
-185 -178 0
-185 -179 0
-185 -180 0
-185 -181 0
-185 -182 0
-185 -183 0
-185 -184 0
-185 -186 0
-185 -187 0
-185 -188 0
-185 -189 0
-185 -190 0
-185 -191 0
-185 -192 0
-186 -169 0
-186 -170 0
-186 -171 0
-186 -172 0
-186 -173 0
-186 -174 0
-186 -175 0
-186 -176 0
-186 -177 0
-186 -178 0
-186 -179 0
-186 -180 0
-186 -181 0
-186 -182 0
-186 -183 0
-186 -184 0
-186 -185 0
-186 -187 0
-186 -188 0
-186 -189 0
-186 -190 0
-186 -191 0
-186 -192 0
-187 -169 0
-187 -170 0
-187 -171 0
-187 -172 0
-187 -173 0
-187 -174 0
-187 -175 0
-187 -176 0
-187 -177 0
-187 -178 0
-187 -179 0
-187 -180 0
-187 -181 0
-187 -182 0
-187 -183 0
-187 -184 0
-187 -185 0
-187 -186 0
-187 -188 0
-187 -189 0
-187 -190 0
-187 -191 0
-187 -192 0
-188 -169 0
-188 -170 0
-188 -171 0
-188 -172 0
-188 -173 0
-188 -174 0
-188 -175 0
-188 -176 0
-188 -177 0
-188 -178 0
-188 -179 0
-188 -180 0
-188 -181 0
-188 -182 0
-188 -183 0
-188 -184 0
-188 -185 0
-188 -186 0
-188 -187 0
-188 -189 0
-188 -190 0
-188 -191 0
-188 -192 0
-189 -169 0
-189 -170 0
-189 -171 0
-189 -172 0
-189 -173 0
-189 -174 0
-189 -175 0
-189 -176 0
-189 -177 0
-189 -178 0
-189 -179 0
-189 -180 0
-189 -181 0
-189 -182 0
-189 -183 0
-189 -184 0
-189 -185 0
-189 -186 0
-189 -187 0
-189 -188 0
-189 -190 0
-189 -191 0
-189 -192 0
-190 -169 0
-190 -170 0
-190 -171 0
-190 -172 0
-190 -173 0
-190 -174 0
-190 -175 0
-190 -176 0
-190 -177 0
-190 -178 0
-190 -179 0
-190 -180 0
-190 -181 0
-190 -182 0
-190 -183 0
-190 -184 0
-190 -185 0
-190 -186 0
-190 -187 0
-190 -188 0
-190 -189 0
-190 -191 0
-190 -192 0
-191 -169 0
-191 -170 0
-191 -171 0
-191 -172 0
-191 -173 0
-191 -174 0
-191 -175 0
-191 -176 0
-191 -177 0
-191 -178 0
-191 -179 0
-191 -180 0
-191 -181 0
-191 -182 0
-191 -183 0
-191 -184 0
-191 -185 0
-191 -186 0
-191 -187 0
-191 -188 0
-191 -189 0
-191 -190 0
-191 -192 0
-192 -169 0
-192 -170 0
-192 -171 0
-192 -172 0
-192 -173 0
-192 -174 0
-192 -175 0
-192 -176 0
-192 -177 0
-192 -178 0
-192 -179 0
-192 -180 0
-192 -181 0
-192 -182 0
-192 -183 0
-192 -184 0
-192 -185 0
-192 -186 0
-192 -187 0
-192 -188 0
-192 -189 0
-192 -190 0
-192 -191 0
-193 -194 0
-193 -195 0
-193 -196 0
-193 -197 0
-193 -198 0
-193 -199 0
-193 -200 0
-193 -201 0
-193 -202 0
-193 -203 0
-193 -204 0
-193 -205 0
-193 -206 0
-193 -207 0
-193 -208 0
-193 -209 0
-193 -210 0
-193 -211 0
-193 -212 0
-193 -213 0
-193 -214 0
-193 -215 0
-193 -216 0
-194 -193 0
-194 -195 0
-194 -196 0
-194 -197 0
-194 -198 0
-194 -199 0
-194 -200 0
-194 -201 0
-194 -202 0
-194 -203 0
-194 -204 0
-194 -205 0
-194 -206 0
-194 -207 0
-194 -208 0
-194 -209 0
-194 -210 0
-194 -211 0
-194 -212 0
-194 -213 0
-194 -214 0
-194 -215 0
-194 -216 0
-195 -193 0
-195 -194 0
-195 -196 0
-195 -197 0
-195 -198 0
-195 -199 0
-195 -200 0
-195 -201 0
-195 -202 0
-195 -203 0
-195 -204 0
-195 -205 0
-195 -206 0
-195 -207 0
-195 -208 0
-195 -209 0
-195 -210 0
-195 -211 0
-195 -212 0
-195 -213 0
-195 -214 0
-195 -215 0
-195 -216 0
-196 -193 0
-196 -194 0
-196 -195 0
-196 -197 0
-196 -198 0
-196 -199 0
-196 -200 0
-196 -201 0
-196 -202 0
-196 -203 0
-196 -204 0
-196 -205 0
-196 -206 0
-196 -207 0
-196 -208 0
-196 -209 0
-196 -210 0
-196 -211 0
-196 -212 0
-196 -213 0
-196 -214 0
-196 -215 0
-196 -216 0
-197 -193 0
-197 -194 0
-197 -195 0
-197 -196 0
-197 -198 0
-197 -199 0
-197 -200 0
-197 -201 0
-197 -202 0
-197 -203 0
-197 -204 0
-197 -205 0
-197 -206 0
-197 -207 0
-197 -208 0
-197 -209 0
-197 -210 0
-197 -211 0
-197 -212 0
-197 -213 0
-197 -214 0
-197 -215 0
-197 -216 0
-198 -193 0
-198 -194 0
-198 -195 0
-198 -196 0
-198 -197 0
-198 -199 0
-198 -200 0
-198 -201 0
-198 -202 0
-198 -203 0
-198 -204 0
-198 -205 0
-198 -206 0
-198 -207 0
-198 -208 0
-198 -209 0
-198 -210 0
-198 -211 0
-198 -212 0
-198 -213 0
-198 -214 0
-198 -215 0
-198 -216 0
-199 -193 0
-199 -194 0
-199 -195 0
-199 -196 0
-199 -197 0
-199 -198 0
-199 -200 0
-199 -201 0
-199 -202 0
-199 -203 0
-199 -204 0
-199 -205 0
-199 -206 0
-199 -207 0
-199 -208 0
-199 -209 0
-199 -210 0
-199 -211 0
-199 -212 0
-199 -213 0
-199 -214 0
-199 -215 0
-199 -216 0
-200 -193 0
-200 -194 0
-200 -195 0
-200 -196 0
-200 -197 0
-200 -198 0
-200 -199 0
-200 -201 0
-200 -202 0
-200 -203 0
-200 -204 0
-200 -205 0
-200 -206 0
-200 -207 0
-200 -208 0
-200 -209 0
-200 -210 0
-200 -211 0
-200 -212 0
-200 -213 0
-200 -214 0
-200 -215 0
-200 -216 0
-201 -193 0
-201 -194 0
-201 -195 0
-201 -196 0
-201 -197 0
-201 -198 0
-201 -199 0
-201 -200 0
-201 -202 0
-201 -203 0
-201 -204 0
-201 -205 0
-201 -206 0
-201 -207 0
-201 -208 0
-201 -209 0
-201 -210 0
-201 -211 0
-201 -212 0
-201 -213 0
-201 -214 0
-201 -215 0
-201 -216 0
-202 -193 0
-202 -194 0
-202 -195 0
-202 -196 0
-202 -197 0
-202 -198 0
-202 -199 0
-202 -200 0
-202 -201 0
-202 -203 0
-202 -204 0
-202 -205 0
-202 -206 0
-202 -207 0
-202 -208 0
-202 -209 0
-202 -210 0
-202 -211 0
-202 -212 0
-202 -213 0
-202 -214 0
-202 -215 0
-202 -216 0
-203 -193 0
-203 -194 0
-203 -195 0
-203 -196 0
-203 -197 0
-203 -198 0
-203 -199 0
-203 -200 0
-203 -201 0
-203 -202 0
-203 -204 0
-203 -205 0
-203 -206 0
-203 -207 0
-203 -208 0
-203 -209 0
-203 -210 0
-203 -211 0
-203 -212 0
-203 -213 0
-203 -214 0
-203 -215 0
-203 -216 0
-204 -193 0
-204 -194 0
-204 -195 0
-204 -196 0
-204 -197 0
-204 -198 0
-204 -199 0
-204 -200 0
-204 -201 0
-204 -202 0
-204 -203 0
-204 -205 0
-204 -206 0
-204 -207 0
-204 -208 0
-204 -209 0
-204 -210 0
-204 -211 0
-204 -212 0
-204 -213 0
-204 -214 0
-204 -215 0
-204 -216 0
-205 -193 0
-205 -194 0
-205 -195 0
-205 -196 0
-205 -197 0
-205 -198 0
-205 -199 0
-205 -200 0
-205 -201 0
-205 -202 0
-205 -203 0
-205 -204 0
-205 -206 0
-205 -207 0
-205 -208 0
-205 -209 0
-205 -210 0
-205 -211 0
-205 -212 0
-205 -213 0
-205 -214 0
-205 -215 0
-205 -216 0
-206 -193 0
-206 -194 0
-206 -195 0
-206 -196 0
-206 -197 0
-206 -198 0
-206 -199 0
-206 -200 0
-206 -201 0
-206 -202 0
-206 -203 0
-206 -204 0
-206 -205 0
-206 -207 0
-206 -208 0
-206 -209 0
-206 -210 0
-206 -211 0
-206 -212 0
-206 -213 0
-206 -214 0
-206 -215 0
-206 -216 0
-207 -193 0
-207 -194 0
-207 -195 0
-207 -196 0
-207 -197 0
-207 -198 0
-207 -199 0
-207 -200 0
-207 -201 0
-207 -202 0
-207 -203 0
-207 -204 0
-207 -205 0
-207 -206 0
-207 -208 0
-207 -209 0
-207 -210 0
-207 -211 0
-207 -212 0
-207 -213 0
-207 -214 0
-207 -215 0
-207 -216 0
-208 -193 0
-208 -194 0
-208 -195 0
-208 -196 0
-208 -197 0
-208 -198 0
-208 -199 0
-208 -200 0
-208 -201 0
-208 -202 0
-208 -203 0
-208 -204 0
-208 -205 0
-208 -206 0
-208 -207 0
-208 -209 0
-208 -210 0
-208 -211 0
-208 -212 0
-208 -213 0
-208 -214 0
-208 -215 0
-208 -216 0
-209 -193 0
-209 -194 0
-209 -195 0
-209 -196 0
-209 -197 0
-209 -198 0
-209 -199 0
-209 -200 0
-209 -201 0
-209 -202 0
-209 -203 0
-209 -204 0
-209 -205 0
-209 -206 0
-209 -207 0
-209 -208 0
-209 -210 0
-209 -211 0
-209 -212 0
-209 -213 0
-209 -214 0
-209 -215 0
-209 -216 0
-210 -193 0
-210 -194 0
-210 -195 0
-210 -196 0
-210 -197 0
-210 -198 0
-210 -199 0
-210 -200 0
-210 -201 0
-210 -202 0
-210 -203 0
-210 -204 0
-210 -205 0
-210 -206 0
-210 -207 0
-210 -208 0
-210 -209 0
-210 -211 0
-210 -212 0
-210 -213 0
-210 -214 0
-210 -215 0
-210 -216 0
-211 -193 0
-211 -194 0
-211 -195 0
-211 -196 0
-211 -197 0
-211 -198 0
-211 -199 0
-211 -200 0
-211 -201 0
-211 -202 0
-211 -203 0
-211 -204 0
-211 -205 0
-211 -206 0
-211 -207 0
-211 -208 0
-211 -209 0
-211 -210 0
-211 -212 0
-211 -213 0
-211 -214 0
-211 -215 0
-211 -216 0
-212 -193 0
-212 -194 0
-212 -195 0
-212 -196 0
-212 -197 0
-212 -198 0
-212 -199 0
-212 -200 0
-212 -201 0
-212 -202 0
-212 -203 0
-212 -204 0
-212 -205 0
-212 -206 0
-212 -207 0
-212 -208 0
-212 -209 0
-212 -210 0
-212 -211 0
-212 -213 0
-212 -214 0
-212 -215 0
-212 -216 0
-213 -193 0
-213 -194 0
-213 -195 0
-213 -196 0
-213 -197 0
-213 -198 0
-213 -199 0
-213 -200 0
-213 -201 0
-213 -202 0
-213 -203 0
-213 -204 0
-213 -205 0
-213 -206 0
-213 -207 0
-213 -208 0
-213 -209 0
-213 -210 0
-213 -211 0
-213 -212 0
-213 -214 0
-213 -215 0
-213 -216 0
-214 -193 0
-214 -194 0
-214 -195 0
-214 -196 0
-214 -197 0
-214 -198 0
-214 -199 0
-214 -200 0
-214 -201 0
-214 -202 0
-214 -203 0
-214 -204 0
-214 -205 0
-214 -206 0
-214 -207 0
-214 -208 0
-214 -209 0
-214 -210 0
-214 -211 0
-214 -212 0
-214 -213 0
-214 -215 0
-214 -216 0
-215 -193 0
-215 -194 0
-215 -195 0
-215 -196 0
-215 -197 0
-215 -198 0
-215 -199 0
-215 -200 0
-215 -201 0
-215 -202 0
-215 -203 0
-215 -204 0
-215 -205 0
-215 -206 0
-215 -207 0
-215 -208 0
-215 -209 0
-215 -210 0
-215 -211 0
-215 -212 0
-215 -213 0
-215 -214 0
-215 -216 0
-216 -193 0
-216 -194 0
-216 -195 0
-216 -196 0
-216 -197 0
-216 -198 0
-216 -199 0
-216 -200 0
-216 -201 0
-216 -202 0
-216 -203 0
-216 -204 0
-216 -205 0
-216 -206 0
-216 -207 0
-216 -208 0
-216 -209 0
-216 -210 0
-216 -211 0
-216 -212 0
-216 -213 0
-216 -214 0
-216 -215 0
-217 -218 0
-217 -219 0
-217 -220 0
-217 -221 0
-217 -222 0
-217 -223 0
-217 -224 0
-217 -225 0
-217 -226 0
-217 -227 0
-217 -228 0
-217 -229 0
-217 -230 0
-217 -231 0
-217 -232 0
-217 -233 0
-217 -234 0
-217 -235 0
-217 -236 0
-217 -237 0
-217 -238 0
-217 -239 0
-217 -240 0
-218 -217 0
-218 -219 0
-218 -220 0
-218 -221 0
-218 -222 0
-218 -223 0
-218 -224 0
-218 -225 0
-218 -226 0
-218 -227 0
-218 -228 0
-218 -229 0
-218 -230 0
-218 -231 0
-218 -232 0
-218 -233 0
-218 -234 0
-218 -235 0
-218 -236 0
-218 -237 0
-218 -238 0
-218 -239 0
-218 -240 0
-219 -217 0
-219 -218 0
-219 -220 0
-219 -221 0
-219 -222 0
-219 -223 0
-219 -224 0
-219 -225 0
-219 -226 0
-219 -227 0
-219 -228 0
-219 -229 0
-219 -230 0
-219 -231 0
-219 -232 0
-219 -233 0
-219 -234 0
-219 -235 0
-219 -236 0
-219 -237 0
-219 -238 0
-219 -239 0
-219 -240 0
-220 -217 0
-220 -218 0
-220 -219 0
-220 -221 0
-220 -222 0
-220 -223 0
-220 -224 0
-220 -225 0
-220 -226 0
-220 -227 0
-220 -228 0
-220 -229 0
-220 -230 0
-220 -231 0
-220 -232 0
-220 -233 0
-220 -234 0
-220 -235 0
-220 -236 0
-220 -237 0
-220 -238 0
-220 -239 0
-220 -240 0
-221 -217 0
-221 -218 0
-221 -219 0
-221 -220 0
-221 -222 0
-221 -223 0
-221 -224 0
-221 -225 0
-221 -226 0
-221 -227 0
-221 -228 0
-221 -229 0
-221 -230 0
-221 -231 0
-221 -232 0
-221 -233 0
-221 -234 0
-221 -235 0
-221 -236 0
-221 -237 0
-221 -238 0
-221 -239 0
-221 -240 0
-222 -217 0
-222 -218 0
-222 -219 0
-222 -220 0
-222 -221 0
-222 -223 0
-222 -224 0
-222 -225 0
-222 -226 0
-222 -227 0
-222 -228 0
-222 -229 0
-222 -230 0
-222 -231 0
-222 -232 0
-222 -233 0
-222 -234 0
-222 -235 0
-222 -236 0
-222 -237 0
-222 -238 0
-222 -239 0
-222 -240 0
-223 -217 0
-223 -218 0
-223 -219 0
-223 -220 0
-223 -221 0
-223 -222 0
-223 -224 0
-223 -225 0
-223 -226 0
-223 -227 0
-223 -228 0
-223 -229 0
-223 -230 0
-223 -231 0
-223 -232 0
-223 -233 0
-223 -234 0
-223 -235 0
-223 -236 0
-223 -237 0
-223 -238 0
-223 -239 0
-223 -240 0
-224 -217 0
-224 -218 0
-224 -219 0
-224 -220 0
-224 -221 0
-224 -222 0
-224 -223 0
-224 -225 0
-224 -226 0
-224 -227 0
-224 -228 0
-224 -229 0
-224 -230 0
-224 -231 0
-224 -232 0
-224 -233 0
-224 -234 0
-224 -235 0
-224 -236 0
-224 -237 0
-224 -238 0
-224 -239 0
-224 -240 0
-225 -217 0
-225 -218 0
-225 -219 0
-225 -220 0
-225 -221 0
-225 -222 0
-225 -223 0
-225 -224 0
-225 -226 0
-225 -227 0
-225 -228 0
-225 -229 0
-225 -230 0
-225 -231 0
-225 -232 0
-225 -233 0
-225 -234 0
-225 -235 0
-225 -236 0
-225 -237 0
-225 -238 0
-225 -239 0
-225 -240 0
-226 -217 0
-226 -218 0
-226 -219 0
-226 -220 0
-226 -221 0
-226 -222 0
-226 -223 0
-226 -224 0
-226 -225 0
-226 -227 0
-226 -228 0
-226 -229 0
-226 -230 0
-226 -231 0
-226 -232 0
-226 -233 0
-226 -234 0
-226 -235 0
-226 -236 0
-226 -237 0
-226 -238 0
-226 -239 0
-226 -240 0
-227 -217 0
-227 -218 0
-227 -219 0
-227 -220 0
-227 -221 0
-227 -222 0
-227 -223 0
-227 -224 0
-227 -225 0
-227 -226 0
-227 -228 0
-227 -229 0
-227 -230 0
-227 -231 0
-227 -232 0
-227 -233 0
-227 -234 0
-227 -235 0
-227 -236 0
-227 -237 0
-227 -238 0
-227 -239 0
-227 -240 0
-228 -217 0
-228 -218 0
-228 -219 0
-228 -220 0
-228 -221 0
-228 -222 0
-228 -223 0
-228 -224 0
-228 -225 0
-228 -226 0
-228 -227 0
-228 -229 0
-228 -230 0
-228 -231 0
-228 -232 0
-228 -233 0
-228 -234 0
-228 -235 0
-228 -236 0
-228 -237 0
-228 -238 0
-228 -239 0
-228 -240 0
-229 -217 0
-229 -218 0
-229 -219 0
-229 -220 0
-229 -221 0
-229 -222 0
-229 -223 0
-229 -224 0
-229 -225 0
-229 -226 0
-229 -227 0
-229 -228 0
-229 -230 0
-229 -231 0
-229 -232 0
-229 -233 0
-229 -234 0
-229 -235 0
-229 -236 0
-229 -237 0
-229 -238 0
-229 -239 0
-229 -240 0
-230 -217 0
-230 -218 0
-230 -219 0
-230 -220 0
-230 -221 0
-230 -222 0
-230 -223 0
-230 -224 0
-230 -225 0
-230 -226 0
-230 -227 0
-230 -228 0
-230 -229 0
-230 -231 0
-230 -232 0
-230 -233 0
-230 -234 0
-230 -235 0
-230 -236 0
-230 -237 0
-230 -238 0
-230 -239 0
-230 -240 0
-231 -217 0
-231 -218 0
-231 -219 0
-231 -220 0
-231 -221 0
-231 -222 0
-231 -223 0
-231 -224 0
-231 -225 0
-231 -226 0
-231 -227 0
-231 -228 0
-231 -229 0
-231 -230 0
-231 -232 0
-231 -233 0
-231 -234 0
-231 -235 0
-231 -236 0
-231 -237 0
-231 -238 0
-231 -239 0
-231 -240 0
-232 -217 0
-232 -218 0
-232 -219 0
-232 -220 0
-232 -221 0
-232 -222 0
-232 -223 0
-232 -224 0
-232 -225 0
-232 -226 0
-232 -227 0
-232 -228 0
-232 -229 0
-232 -230 0
-232 -231 0
-232 -233 0
-232 -234 0
-232 -235 0
-232 -236 0
-232 -237 0
-232 -238 0
-232 -239 0
-232 -240 0
-233 -217 0
-233 -218 0
-233 -219 0
-233 -220 0
-233 -221 0
-233 -222 0
-233 -223 0
-233 -224 0
-233 -225 0
-233 -226 0
-233 -227 0
-233 -228 0
-233 -229 0
-233 -230 0
-233 -231 0
-233 -232 0
-233 -234 0
-233 -235 0
-233 -236 0
-233 -237 0
-233 -238 0
-233 -239 0
-233 -240 0
-234 -217 0
-234 -218 0
-234 -219 0
-234 -220 0
-234 -221 0
-234 -222 0
-234 -223 0
-234 -224 0
-234 -225 0
-234 -226 0
-234 -227 0
-234 -228 0
-234 -229 0
-234 -230 0
-234 -231 0
-234 -232 0
-234 -233 0
-234 -235 0
-234 -236 0
-234 -237 0
-234 -238 0
-234 -239 0
-234 -240 0
-235 -217 0
-235 -218 0
-235 -219 0
-235 -220 0
-235 -221 0
-235 -222 0
-235 -223 0
-235 -224 0
-235 -225 0
-235 -226 0
-235 -227 0
-235 -228 0
-235 -229 0
-235 -230 0
-235 -231 0
-235 -232 0
-235 -233 0
-235 -234 0
-235 -236 0
-235 -237 0
-235 -238 0
-235 -239 0
-235 -240 0
-236 -217 0
-236 -218 0
-236 -219 0
-236 -220 0
-236 -221 0
-236 -222 0
-236 -223 0
-236 -224 0
-236 -225 0
-236 -226 0
-236 -227 0
-236 -228 0
-236 -229 0
-236 -230 0
-236 -231 0
-236 -232 0
-236 -233 0
-236 -234 0
-236 -235 0
-236 -237 0
-236 -238 0
-236 -239 0
-236 -240 0
-237 -217 0
-237 -218 0
-237 -219 0
-237 -220 0
-237 -221 0
-237 -222 0
-237 -223 0
-237 -224 0
-237 -225 0
-237 -226 0
-237 -227 0
-237 -228 0
-237 -229 0
-237 -230 0
-237 -231 0
-237 -232 0
-237 -233 0
-237 -234 0
-237 -235 0
-237 -236 0
-237 -238 0
-237 -239 0
-237 -240 0
-238 -217 0
-238 -218 0
-238 -219 0
-238 -220 0
-238 -221 0
-238 -222 0
-238 -223 0
-238 -224 0
-238 -225 0
-238 -226 0
-238 -227 0
-238 -228 0
-238 -229 0
-238 -230 0
-238 -231 0
-238 -232 0
-238 -233 0
-238 -234 0
-238 -235 0
-238 -236 0
-238 -237 0
-238 -239 0
-238 -240 0
-239 -217 0
-239 -218 0
-239 -219 0
-239 -220 0
-239 -221 0
-239 -222 0
-239 -223 0
-239 -224 0
-239 -225 0
-239 -226 0
-239 -227 0
-239 -228 0
-239 -229 0
-239 -230 0
-239 -231 0
-239 -232 0
-239 -233 0
-239 -234 0
-239 -235 0
-239 -236 0
-239 -237 0
-239 -238 0
-239 -240 0
-240 -217 0
-240 -218 0
-240 -219 0
-240 -220 0
-240 -221 0
-240 -222 0
-240 -223 0
-240 -224 0
-240 -225 0
-240 -226 0
-240 -227 0
-240 -228 0
-240 -229 0
-240 -230 0
-240 -231 0
-240 -232 0
-240 -233 0
-240 -234 0
-240 -235 0
-240 -236 0
-240 -237 0
-240 -238 0
-240 -239 0
-265 -266 0
-265 -267 0
-265 -268 0
-265 -269 0
-265 -270 0
-265 -271 0
-265 -272 0
-265 -273 0
-265 -274 0
-265 -275 0
-265 -276 0
-265 -277 0
-265 -278 0
-265 -279 0
-265 -280 0
-265 -281 0
-265 -282 0
-265 -283 0
-265 -284 0
-265 -285 0
-265 -286 0
-265 -287 0
-265 -288 0
-266 -265 0
-266 -267 0
-266 -268 0
-266 -269 0
-266 -270 0
-266 -271 0
-266 -272 0
-266 -273 0
-266 -274 0
-266 -275 0
-266 -276 0
-266 -277 0
-266 -278 0
-266 -279 0
-266 -280 0
-266 -281 0
-266 -282 0
-266 -283 0
-266 -284 0
-266 -285 0
-266 -286 0
-266 -287 0
-266 -288 0
-267 -265 0
-267 -266 0
-267 -268 0
-267 -269 0
-267 -270 0
-267 -271 0
-267 -272 0
-267 -273 0
-267 -274 0
-267 -275 0
-267 -276 0
-267 -277 0
-267 -278 0
-267 -279 0
-267 -280 0
-267 -281 0
-267 -282 0
-267 -283 0
-267 -284 0
-267 -285 0
-267 -286 0
-267 -287 0
-267 -288 0
-268 -265 0
-268 -266 0
-268 -267 0
-268 -269 0
-268 -270 0
-268 -271 0
-268 -272 0
-268 -273 0
-268 -274 0
-268 -275 0
-268 -276 0
-268 -277 0
-268 -278 0
-268 -279 0
-268 -280 0
-268 -281 0
-268 -282 0
-268 -283 0
-268 -284 0
-268 -285 0
-268 -286 0
-268 -287 0
-268 -288 0
-269 -265 0
-269 -266 0
-269 -267 0
-269 -268 0
-269 -270 0
-269 -271 0
-269 -272 0
-269 -273 0
-269 -274 0
-269 -275 0
-269 -276 0
-269 -277 0
-269 -278 0
-269 -279 0
-269 -280 0
-269 -281 0
-269 -282 0
-269 -283 0
-269 -284 0
-269 -285 0
-269 -286 0
-269 -287 0
-269 -288 0
-270 -265 0
-270 -266 0
-270 -267 0
-270 -268 0
-270 -269 0
-270 -271 0
-270 -272 0
-270 -273 0
-270 -274 0
-270 -275 0
-270 -276 0
-270 -277 0
-270 -278 0
-270 -279 0
-270 -280 0
-270 -281 0
-270 -282 0
-270 -283 0
-270 -284 0
-270 -285 0
-270 -286 0
-270 -287 0
-270 -288 0
-271 -265 0
-271 -266 0
-271 -267 0
-271 -268 0
-271 -269 0
-271 -270 0
-271 -272 0
-271 -273 0
-271 -274 0
-271 -275 0
-271 -276 0
-271 -277 0
-271 -278 0
-271 -279 0
-271 -280 0
-271 -281 0
-271 -282 0
-271 -283 0
-271 -284 0
-271 -285 0
-271 -286 0
-271 -287 0
-271 -288 0
-272 -265 0
-272 -266 0
-272 -267 0
-272 -268 0
-272 -269 0
-272 -270 0
-272 -271 0
-272 -273 0
-272 -274 0
-272 -275 0
-272 -276 0
-272 -277 0
-272 -278 0
-272 -279 0
-272 -280 0
-272 -281 0
-272 -282 0
-272 -283 0
-272 -284 0
-272 -285 0
-272 -286 0
-272 -287 0
-272 -288 0
-273 -265 0
-273 -266 0
-273 -267 0
-273 -268 0
-273 -269 0
-273 -270 0
-273 -271 0
-273 -272 0
-273 -274 0
-273 -275 0
-273 -276 0
-273 -277 0
-273 -278 0
-273 -279 0
-273 -280 0
-273 -281 0
-273 -282 0
-273 -283 0
-273 -284 0
-273 -285 0
-273 -286 0
-273 -287 0
-273 -288 0
-274 -265 0
-274 -266 0
-274 -267 0
-274 -268 0
-274 -269 0
-274 -270 0
-274 -271 0
-274 -272 0
-274 -273 0
-274 -275 0
-274 -276 0
-274 -277 0
-274 -278 0
-274 -279 0
-274 -280 0
-274 -281 0
-274 -282 0
-274 -283 0
-274 -284 0
-274 -285 0
-274 -286 0
-274 -287 0
-274 -288 0
-275 -265 0
-275 -266 0
-275 -267 0
-275 -268 0
-275 -269 0
-275 -270 0
-275 -271 0
-275 -272 0
-275 -273 0
-275 -274 0
-275 -276 0
-275 -277 0
-275 -278 0
-275 -279 0
-275 -280 0
-275 -281 0
-275 -282 0
-275 -283 0
-275 -284 0
-275 -285 0
-275 -286 0
-275 -287 0
-275 -288 0
-276 -265 0
-276 -266 0
-276 -267 0
-276 -268 0
-276 -269 0
-276 -270 0
-276 -271 0
-276 -272 0
-276 -273 0
-276 -274 0
-276 -275 0
-276 -277 0
-276 -278 0
-276 -279 0
-276 -280 0
-276 -281 0
-276 -282 0
-276 -283 0
-276 -284 0
-276 -285 0
-276 -286 0
-276 -287 0
-276 -288 0
-277 -265 0
-277 -266 0
-277 -267 0
-277 -268 0
-277 -269 0
-277 -270 0
-277 -271 0
-277 -272 0
-277 -273 0
-277 -274 0
-277 -275 0
-277 -276 0
-277 -278 0
-277 -279 0
-277 -280 0
-277 -281 0
-277 -282 0
-277 -283 0
-277 -284 0
-277 -285 0
-277 -286 0
-277 -287 0
-277 -288 0
-278 -265 0
-278 -266 0
-278 -267 0
-278 -268 0
-278 -269 0
-278 -270 0
-278 -271 0
-278 -272 0
-278 -273 0
-278 -274 0
-278 -275 0
-278 -276 0
-278 -277 0
-278 -279 0
-278 -280 0
-278 -281 0
-278 -282 0
-278 -283 0
-278 -284 0
-278 -285 0
-278 -286 0
-278 -287 0
-278 -288 0
-279 -265 0
-279 -266 0
-279 -267 0
-279 -268 0
-279 -269 0
-279 -270 0
-279 -271 0
-279 -272 0
-279 -273 0
-279 -274 0
-279 -275 0
-279 -276 0
-279 -277 0
-279 -278 0
-279 -280 0
-279 -281 0
-279 -282 0
-279 -283 0
-279 -284 0
-279 -285 0
-279 -286 0
-279 -287 0
-279 -288 0
-280 -265 0
-280 -266 0
-280 -267 0
-280 -268 0
-280 -269 0
-280 -270 0
-280 -271 0
-280 -272 0
-280 -273 0
-280 -274 0
-280 -275 0
-280 -276 0
-280 -277 0
-280 -278 0
-280 -279 0
-280 -281 0
-280 -282 0
-280 -283 0
-280 -284 0
-280 -285 0
-280 -286 0
-280 -287 0
-280 -288 0
-281 -265 0
-281 -266 0
-281 -267 0
-281 -268 0
-281 -269 0
-281 -270 0
-281 -271 0
-281 -272 0
-281 -273 0
-281 -274 0
-281 -275 0
-281 -276 0
-281 -277 0
-281 -278 0
-281 -279 0
-281 -280 0
-281 -282 0
-281 -283 0
-281 -284 0
-281 -285 0
-281 -286 0
-281 -287 0
-281 -288 0
-282 -265 0
-282 -266 0
-282 -267 0
-282 -268 0
-282 -269 0
-282 -270 0
-282 -271 0
-282 -272 0
-282 -273 0
-282 -274 0
-282 -275 0
-282 -276 0
-282 -277 0
-282 -278 0
-282 -279 0
-282 -280 0
-282 -281 0
-282 -283 0
-282 -284 0
-282 -285 0
-282 -286 0
-282 -287 0
-282 -288 0
-283 -265 0
-283 -266 0
-283 -267 0
-283 -268 0
-283 -269 0
-283 -270 0
-283 -271 0
-283 -272 0
-283 -273 0
-283 -274 0
-283 -275 0
-283 -276 0
-283 -277 0
-283 -278 0
-283 -279 0
-283 -280 0
-283 -281 0
-283 -282 0
-283 -284 0
-283 -285 0
-283 -286 0
-283 -287 0
-283 -288 0
-284 -265 0
-284 -266 0
-284 -267 0
-284 -268 0
-284 -269 0
-284 -270 0
-284 -271 0
-284 -272 0
-284 -273 0
-284 -274 0
-284 -275 0
-284 -276 0
-284 -277 0
-284 -278 0
-284 -279 0
-284 -280 0
-284 -281 0
-284 -282 0
-284 -283 0
-284 -285 0
-284 -286 0
-284 -287 0
-284 -288 0
-285 -265 0
-285 -266 0
-285 -267 0
-285 -268 0
-285 -269 0
-285 -270 0
-285 -271 0
-285 -272 0
-285 -273 0
-285 -274 0
-285 -275 0
-285 -276 0
-285 -277 0
-285 -278 0
-285 -279 0
-285 -280 0
-285 -281 0
-285 -282 0
-285 -283 0
-285 -284 0
-285 -286 0
-285 -287 0
-285 -288 0
-286 -265 0
-286 -266 0
-286 -267 0
-286 -268 0
-286 -269 0
-286 -270 0
-286 -271 0
-286 -272 0
-286 -273 0
-286 -274 0
-286 -275 0
-286 -276 0
-286 -277 0
-286 -278 0
-286 -279 0
-286 -280 0
-286 -281 0
-286 -282 0
-286 -283 0
-286 -284 0
-286 -285 0
-286 -287 0
-286 -288 0
-287 -265 0
-287 -266 0
-287 -267 0
-287 -268 0
-287 -269 0
-287 -270 0
-287 -271 0
-287 -272 0
-287 -273 0
-287 -274 0
-287 -275 0
-287 -276 0
-287 -277 0
-287 -278 0
-287 -279 0
-287 -280 0
-287 -281 0
-287 -282 0
-287 -283 0
-287 -284 0
-287 -285 0
-287 -286 0
-287 -288 0
-288 -265 0
-288 -266 0
-288 -267 0
-288 -268 0
-288 -269 0
-288 -270 0
-288 -271 0
-288 -272 0
-288 -273 0
-288 -274 0
-288 -275 0
-288 -276 0
-288 -277 0
-288 -278 0
-288 -279 0
-288 -280 0
-288 -281 0
-288 -282 0
-288 -283 0
-288 -284 0
-288 -285 0
-288 -286 0
-288 -287 0
-289 -290 0
-289 -291 0
-289 -292 0
-289 -293 0
-289 -294 0
-289 -295 0
-289 -296 0
-289 -297 0
-289 -298 0
-289 -299 0
-289 -300 0
-289 -301 0
-289 -302 0
-289 -303 0
-289 -304 0
-289 -305 0
-289 -306 0
-289 -307 0
-289 -308 0
-289 -309 0
-289 -310 0
-289 -311 0
-289 -312 0
-290 -289 0
-290 -291 0
-290 -292 0
-290 -293 0
-290 -294 0
-290 -295 0
-290 -296 0
-290 -297 0
-290 -298 0
-290 -299 0
-290 -300 0
-290 -301 0
-290 -302 0
-290 -303 0
-290 -304 0
-290 -305 0
-290 -306 0
-290 -307 0
-290 -308 0
-290 -309 0
-290 -310 0
-290 -311 0
-290 -312 0
-291 -289 0
-291 -290 0
-291 -292 0
-291 -293 0
-291 -294 0
-291 -295 0
-291 -296 0
-291 -297 0
-291 -298 0
-291 -299 0
-291 -300 0
-291 -301 0
-291 -302 0
-291 -303 0
-291 -304 0
-291 -305 0
-291 -306 0
-291 -307 0
-291 -308 0
-291 -309 0
-291 -310 0
-291 -311 0
-291 -312 0
-292 -289 0
-292 -290 0
-292 -291 0
-292 -293 0
-292 -294 0
-292 -295 0
-292 -296 0
-292 -297 0
-292 -298 0
-292 -299 0
-292 -300 0
-292 -301 0
-292 -302 0
-292 -303 0
-292 -304 0
-292 -305 0
-292 -306 0
-292 -307 0
-292 -308 0
-292 -309 0
-292 -310 0
-292 -311 0
-292 -312 0
-293 -289 0
-293 -290 0
-293 -291 0
-293 -292 0
-293 -294 0
-293 -295 0
-293 -296 0
-293 -297 0
-293 -298 0
-293 -299 0
-293 -300 0
-293 -301 0
-293 -302 0
-293 -303 0
-293 -304 0
-293 -305 0
-293 -306 0
-293 -307 0
-293 -308 0
-293 -309 0
-293 -310 0
-293 -311 0
-293 -312 0
-294 -289 0
-294 -290 0
-294 -291 0
-294 -292 0
-294 -293 0
-294 -295 0
-294 -296 0
-294 -297 0
-294 -298 0
-294 -299 0
-294 -300 0
-294 -301 0
-294 -302 0
-294 -303 0
-294 -304 0
-294 -305 0
-294 -306 0
-294 -307 0
-294 -308 0
-294 -309 0
-294 -310 0
-294 -311 0
-294 -312 0
-295 -289 0
-295 -290 0
-295 -291 0
-295 -292 0
-295 -293 0
-295 -294 0
-295 -296 0
-295 -297 0
-295 -298 0
-295 -299 0
-295 -300 0
-295 -301 0
-295 -302 0
-295 -303 0
-295 -304 0
-295 -305 0
-295 -306 0
-295 -307 0
-295 -308 0
-295 -309 0
-295 -310 0
-295 -311 0
-295 -312 0
-296 -289 0
-296 -290 0
-296 -291 0
-296 -292 0
-296 -293 0
-296 -294 0
-296 -295 0
-296 -297 0
-296 -298 0
-296 -299 0
-296 -300 0
-296 -301 0
-296 -302 0
-296 -303 0
-296 -304 0
-296 -305 0
-296 -306 0
-296 -307 0
-296 -308 0
-296 -309 0
-296 -310 0
-296 -311 0
-296 -312 0
-297 -289 0
-297 -290 0
-297 -291 0
-297 -292 0
-297 -293 0
-297 -294 0
-297 -295 0
-297 -296 0
-297 -298 0
-297 -299 0
-297 -300 0
-297 -301 0
-297 -302 0
-297 -303 0
-297 -304 0
-297 -305 0
-297 -306 0
-297 -307 0
-297 -308 0
-297 -309 0
-297 -310 0
-297 -311 0
-297 -312 0
-298 -289 0
-298 -290 0
-298 -291 0
-298 -292 0
-298 -293 0
-298 -294 0
-298 -295 0
-298 -296 0
-298 -297 0
-298 -299 0
-298 -300 0
-298 -301 0
-298 -302 0
-298 -303 0
-298 -304 0
-298 -305 0
-298 -306 0
-298 -307 0
-298 -308 0
-298 -309 0
-298 -310 0
-298 -311 0
-298 -312 0
-299 -289 0
-299 -290 0
-299 -291 0
-299 -292 0
-299 -293 0
-299 -294 0
-299 -295 0
-299 -296 0
-299 -297 0
-299 -298 0
-299 -300 0
-299 -301 0
-299 -302 0
-299 -303 0
-299 -304 0
-299 -305 0
-299 -306 0
-299 -307 0
-299 -308 0
-299 -309 0
-299 -310 0
-299 -311 0
-299 -312 0
-300 -289 0
-300 -290 0
-300 -291 0
-300 -292 0
-300 -293 0
-300 -294 0
-300 -295 0
-300 -296 0
-300 -297 0
-300 -298 0
-300 -299 0
-300 -301 0
-300 -302 0
-300 -303 0
-300 -304 0
-300 -305 0
-300 -306 0
-300 -307 0
-300 -308 0
-300 -309 0
-300 -310 0
-300 -311 0
-300 -312 0
-301 -289 0
-301 -290 0
-301 -291 0
-301 -292 0
-301 -293 0
-301 -294 0
-301 -295 0
-301 -296 0
-301 -297 0
-301 -298 0
-301 -299 0
-301 -300 0
-301 -302 0
-301 -303 0
-301 -304 0
-301 -305 0
-301 -306 0
-301 -307 0
-301 -308 0
-301 -309 0
-301 -310 0
-301 -311 0
-301 -312 0
-302 -289 0
-302 -290 0
-302 -291 0
-302 -292 0
-302 -293 0
-302 -294 0
-302 -295 0
-302 -296 0
-302 -297 0
-302 -298 0
-302 -299 0
-302 -300 0
-302 -301 0
-302 -303 0
-302 -304 0
-302 -305 0
-302 -306 0
-302 -307 0
-302 -308 0
-302 -309 0
-302 -310 0
-302 -311 0
-302 -312 0
-303 -289 0
-303 -290 0
-303 -291 0
-303 -292 0
-303 -293 0
-303 -294 0
-303 -295 0
-303 -296 0
-303 -297 0
-303 -298 0
-303 -299 0
-303 -300 0
-303 -301 0
-303 -302 0
-303 -304 0
-303 -305 0
-303 -306 0
-303 -307 0
-303 -308 0
-303 -309 0
-303 -310 0
-303 -311 0
-303 -312 0
-304 -289 0
-304 -290 0
-304 -291 0
-304 -292 0
-304 -293 0
-304 -294 0
-304 -295 0
-304 -296 0
-304 -297 0
-304 -298 0
-304 -299 0
-304 -300 0
-304 -301 0
-304 -302 0
-304 -303 0
-304 -305 0
-304 -306 0
-304 -307 0
-304 -308 0
-304 -309 0
-304 -310 0
-304 -311 0
-304 -312 0
-305 -289 0
-305 -290 0
-305 -291 0
-305 -292 0
-305 -293 0
-305 -294 0
-305 -295 0
-305 -296 0
-305 -297 0
-305 -298 0
-305 -299 0
-305 -300 0
-305 -301 0
-305 -302 0
-305 -303 0
-305 -304 0
-305 -306 0
-305 -307 0
-305 -308 0
-305 -309 0
-305 -310 0
-305 -311 0
-305 -312 0
-306 -289 0
-306 -290 0
-306 -291 0
-306 -292 0
-306 -293 0
-306 -294 0
-306 -295 0
-306 -296 0
-306 -297 0
-306 -298 0
-306 -299 0
-306 -300 0
-306 -301 0
-306 -302 0
-306 -303 0
-306 -304 0
-306 -305 0
-306 -307 0
-306 -308 0
-306 -309 0
-306 -310 0
-306 -311 0
-306 -312 0
-307 -289 0
-307 -290 0
-307 -291 0
-307 -292 0
-307 -293 0
-307 -294 0
-307 -295 0
-307 -296 0
-307 -297 0
-307 -298 0
-307 -299 0
-307 -300 0
-307 -301 0
-307 -302 0
-307 -303 0
-307 -304 0
-307 -305 0
-307 -306 0
-307 -308 0
-307 -309 0
-307 -310 0
-307 -311 0
-307 -312 0
-308 -289 0
-308 -290 0
-308 -291 0
-308 -292 0
-308 -293 0
-308 -294 0
-308 -295 0
-308 -296 0
-308 -297 0
-308 -298 0
-308 -299 0
-308 -300 0
-308 -301 0
-308 -302 0
-308 -303 0
-308 -304 0
-308 -305 0
-308 -306 0
-308 -307 0
-308 -309 0
-308 -310 0
-308 -311 0
-308 -312 0
-309 -289 0
-309 -290 0
-309 -291 0
-309 -292 0
-309 -293 0
-309 -294 0
-309 -295 0
-309 -296 0
-309 -297 0
-309 -298 0
-309 -299 0
-309 -300 0
-309 -301 0
-309 -302 0
-309 -303 0
-309 -304 0
-309 -305 0
-309 -306 0
-309 -307 0
-309 -308 0
-309 -310 0
-309 -311 0
-309 -312 0
-310 -289 0
-310 -290 0
-310 -291 0
-310 -292 0
-310 -293 0
-310 -294 0
-310 -295 0
-310 -296 0
-310 -297 0
-310 -298 0
-310 -299 0
-310 -300 0
-310 -301 0
-310 -302 0
-310 -303 0
-310 -304 0
-310 -305 0
-310 -306 0
-310 -307 0
-310 -308 0
-310 -309 0
-310 -311 0
-310 -312 0
-311 -289 0
-311 -290 0
-311 -291 0
-311 -292 0
-311 -293 0
-311 -294 0
-311 -295 0
-311 -296 0
-311 -297 0
-311 -298 0
-311 -299 0
-311 -300 0
-311 -301 0
-311 -302 0
-311 -303 0
-311 -304 0
-311 -305 0
-311 -306 0
-311 -307 0
-311 -308 0
-311 -309 0
-311 -310 0
-311 -312 0
-312 -289 0
-312 -290 0
-312 -291 0
-312 -292 0
-312 -293 0
-312 -294 0
-312 -295 0
-312 -296 0
-312 -297 0
-312 -298 0
-312 -299 0
-312 -300 0
-312 -301 0
-312 -302 0
-312 -303 0
-312 -304 0
-312 -305 0
-312 -306 0
-312 -307 0
-312 -308 0
-312 -309 0
-312 -310 0
-312 -311 0
-313 -314 0
-313 -315 0
-313 -316 0
-313 -317 0
-313 -318 0
-313 -319 0
-313 -320 0
-313 -321 0
-313 -322 0
-313 -323 0
-313 -324 0
-313 -325 0
-313 -326 0
-313 -327 0
-313 -328 0
-313 -329 0
-313 -330 0
-313 -331 0
-313 -332 0
-313 -333 0
-313 -334 0
-313 -335 0
-313 -336 0
-314 -313 0
-314 -315 0
-314 -316 0
-314 -317 0
-314 -318 0
-314 -319 0
-314 -320 0
-314 -321 0
-314 -322 0
-314 -323 0
-314 -324 0
-314 -325 0
-314 -326 0
-314 -327 0
-314 -328 0
-314 -329 0
-314 -330 0
-314 -331 0
-314 -332 0
-314 -333 0
-314 -334 0
-314 -335 0
-314 -336 0
-315 -313 0
-315 -314 0
-315 -316 0
-315 -317 0
-315 -318 0
-315 -319 0
-315 -320 0
-315 -321 0
-315 -322 0
-315 -323 0
-315 -324 0
-315 -325 0
-315 -326 0
-315 -327 0
-315 -328 0
-315 -329 0
-315 -330 0
-315 -331 0
-315 -332 0
-315 -333 0
-315 -334 0
-315 -335 0
-315 -336 0
-316 -313 0
-316 -314 0
-316 -315 0
-316 -317 0
-316 -318 0
-316 -319 0
-316 -320 0
-316 -321 0
-316 -322 0
-316 -323 0
-316 -324 0
-316 -325 0
-316 -326 0
-316 -327 0
-316 -328 0
-316 -329 0
-316 -330 0
-316 -331 0
-316 -332 0
-316 -333 0
-316 -334 0
-316 -335 0
-316 -336 0
-317 -313 0
-317 -314 0
-317 -315 0
-317 -316 0
-317 -318 0
-317 -319 0
-317 -320 0
-317 -321 0
-317 -322 0
-317 -323 0
-317 -324 0
-317 -325 0
-317 -326 0
-317 -327 0
-317 -328 0
-317 -329 0
-317 -330 0
-317 -331 0
-317 -332 0
-317 -333 0
-317 -334 0
-317 -335 0
-317 -336 0
-318 -313 0
-318 -314 0
-318 -315 0
-318 -316 0
-318 -317 0
-318 -319 0
-318 -320 0
-318 -321 0
-318 -322 0
-318 -323 0
-318 -324 0
-318 -325 0
-318 -326 0
-318 -327 0
-318 -328 0
-318 -329 0
-318 -330 0
-318 -331 0
-318 -332 0
-318 -333 0
-318 -334 0
-318 -335 0
-318 -336 0
-319 -313 0
-319 -314 0
-319 -315 0
-319 -316 0
-319 -317 0
-319 -318 0
-319 -320 0
-319 -321 0
-319 -322 0
-319 -323 0
-319 -324 0
-319 -325 0
-319 -326 0
-319 -327 0
-319 -328 0
-319 -329 0
-319 -330 0
-319 -331 0
-319 -332 0
-319 -333 0
-319 -334 0
-319 -335 0
-319 -336 0
-320 -313 0
-320 -314 0
-320 -315 0
-320 -316 0
-320 -317 0
-320 -318 0
-320 -319 0
-320 -321 0
-320 -322 0
-320 -323 0
-320 -324 0
-320 -325 0
-320 -326 0
-320 -327 0
-320 -328 0
-320 -329 0
-320 -330 0
-320 -331 0
-320 -332 0
-320 -333 0
-320 -334 0
-320 -335 0
-320 -336 0
-321 -313 0
-321 -314 0
-321 -315 0
-321 -316 0
-321 -317 0
-321 -318 0
-321 -319 0
-321 -320 0
-321 -322 0
-321 -323 0
-321 -324 0
-321 -325 0
-321 -326 0
-321 -327 0
-321 -328 0
-321 -329 0
-321 -330 0
-321 -331 0
-321 -332 0
-321 -333 0
-321 -334 0
-321 -335 0
-321 -336 0
-322 -313 0
-322 -314 0
-322 -315 0
-322 -316 0
-322 -317 0
-322 -318 0
-322 -319 0
-322 -320 0
-322 -321 0
-322 -323 0
-322 -324 0
-322 -325 0
-322 -326 0
-322 -327 0
-322 -328 0
-322 -329 0
-322 -330 0
-322 -331 0
-322 -332 0
-322 -333 0
-322 -334 0
-322 -335 0
-322 -336 0
-323 -313 0
-323 -314 0
-323 -315 0
-323 -316 0
-323 -317 0
-323 -318 0
-323 -319 0
-323 -320 0
-323 -321 0
-323 -322 0
-323 -324 0
-323 -325 0
-323 -326 0
-323 -327 0
-323 -328 0
-323 -329 0
-323 -330 0
-323 -331 0
-323 -332 0
-323 -333 0
-323 -334 0
-323 -335 0
-323 -336 0
-324 -313 0
-324 -314 0
-324 -315 0
-324 -316 0
-324 -317 0
-324 -318 0
-324 -319 0
-324 -320 0
-324 -321 0
-324 -322 0
-324 -323 0
-324 -325 0
-324 -326 0
-324 -327 0
-324 -328 0
-324 -329 0
-324 -330 0
-324 -331 0
-324 -332 0
-324 -333 0
-324 -334 0
-324 -335 0
-324 -336 0
-325 -313 0
-325 -314 0
-325 -315 0
-325 -316 0
-325 -317 0
-325 -318 0
-325 -319 0
-325 -320 0
-325 -321 0
-325 -322 0
-325 -323 0
-325 -324 0
-325 -326 0
-325 -327 0
-325 -328 0
-325 -329 0
-325 -330 0
-325 -331 0
-325 -332 0
-325 -333 0
-325 -334 0
-325 -335 0
-325 -336 0
-326 -313 0
-326 -314 0
-326 -315 0
-326 -316 0
-326 -317 0
-326 -318 0
-326 -319 0
-326 -320 0
-326 -321 0
-326 -322 0
-326 -323 0
-326 -324 0
-326 -325 0
-326 -327 0
-326 -328 0
-326 -329 0
-326 -330 0
-326 -331 0
-326 -332 0
-326 -333 0
-326 -334 0
-326 -335 0
-326 -336 0
-327 -313 0
-327 -314 0
-327 -315 0
-327 -316 0
-327 -317 0
-327 -318 0
-327 -319 0
-327 -320 0
-327 -321 0
-327 -322 0
-327 -323 0
-327 -324 0
-327 -325 0
-327 -326 0
-327 -328 0
-327 -329 0
-327 -330 0
-327 -331 0
-327 -332 0
-327 -333 0
-327 -334 0
-327 -335 0
-327 -336 0
-328 -313 0
-328 -314 0
-328 -315 0
-328 -316 0
-328 -317 0
-328 -318 0
-328 -319 0
-328 -320 0
-328 -321 0
-328 -322 0
-328 -323 0
-328 -324 0
-328 -325 0
-328 -326 0
-328 -327 0
-328 -329 0
-328 -330 0
-328 -331 0
-328 -332 0
-328 -333 0
-328 -334 0
-328 -335 0
-328 -336 0
-329 -313 0
-329 -314 0
-329 -315 0
-329 -316 0
-329 -317 0
-329 -318 0
-329 -319 0
-329 -320 0
-329 -321 0
-329 -322 0
-329 -323 0
-329 -324 0
-329 -325 0
-329 -326 0
-329 -327 0
-329 -328 0
-329 -330 0
-329 -331 0
-329 -332 0
-329 -333 0
-329 -334 0
-329 -335 0
-329 -336 0
-330 -313 0
-330 -314 0
-330 -315 0
-330 -316 0
-330 -317 0
-330 -318 0
-330 -319 0
-330 -320 0
-330 -321 0
-330 -322 0
-330 -323 0
-330 -324 0
-330 -325 0
-330 -326 0
-330 -327 0
-330 -328 0
-330 -329 0
-330 -331 0
-330 -332 0
-330 -333 0
-330 -334 0
-330 -335 0
-330 -336 0
-331 -313 0
-331 -314 0
-331 -315 0
-331 -316 0
-331 -317 0
-331 -318 0
-331 -319 0
-331 -320 0
-331 -321 0
-331 -322 0
-331 -323 0
-331 -324 0
-331 -325 0
-331 -326 0
-331 -327 0
-331 -328 0
-331 -329 0
-331 -330 0
-331 -332 0
-331 -333 0
-331 -334 0
-331 -335 0
-331 -336 0
-332 -313 0
-332 -314 0
-332 -315 0
-332 -316 0
-332 -317 0
-332 -318 0
-332 -319 0
-332 -320 0
-332 -321 0
-332 -322 0
-332 -323 0
-332 -324 0
-332 -325 0
-332 -326 0
-332 -327 0
-332 -328 0
-332 -329 0
-332 -330 0
-332 -331 0
-332 -333 0
-332 -334 0
-332 -335 0
-332 -336 0
-333 -313 0
-333 -314 0
-333 -315 0
-333 -316 0
-333 -317 0
-333 -318 0
-333 -319 0
-333 -320 0
-333 -321 0
-333 -322 0
-333 -323 0
-333 -324 0
-333 -325 0
-333 -326 0
-333 -327 0
-333 -328 0
-333 -329 0
-333 -330 0
-333 -331 0
-333 -332 0
-333 -334 0
-333 -335 0
-333 -336 0
-334 -313 0
-334 -314 0
-334 -315 0
-334 -316 0
-334 -317 0
-334 -318 0
-334 -319 0
-334 -320 0
-334 -321 0
-334 -322 0
-334 -323 0
-334 -324 0
-334 -325 0
-334 -326 0
-334 -327 0
-334 -328 0
-334 -329 0
-334 -330 0
-334 -331 0
-334 -332 0
-334 -333 0
-334 -335 0
-334 -336 0
-335 -313 0
-335 -314 0
-335 -315 0
-335 -316 0
-335 -317 0
-335 -318 0
-335 -319 0
-335 -320 0
-335 -321 0
-335 -322 0
-335 -323 0
-335 -324 0
-335 -325 0
-335 -326 0
-335 -327 0
-335 -328 0
-335 -329 0
-335 -330 0
-335 -331 0
-335 -332 0
-335 -333 0
-335 -334 0
-335 -336 0
-336 -313 0
-336 -314 0
-336 -315 0
-336 -316 0
-336 -317 0
-336 -318 0
-336 -319 0
-336 -320 0
-336 -321 0
-336 -322 0
-336 -323 0
-336 -324 0
-336 -325 0
-336 -326 0
-336 -327 0
-336 -328 0
-336 -329 0
-336 -330 0
-336 -331 0
-336 -332 0
-336 -333 0
-336 -334 0
-336 -335 0
-337 -338 0
-337 -339 0
-337 -340 0
-337 -341 0
-337 -342 0
-337 -343 0
-337 -344 0
-337 -345 0
-337 -346 0
-337 -347 0
-337 -348 0
-337 -349 0
-337 -350 0
-337 -351 0
-337 -352 0
-337 -353 0
-337 -354 0
-337 -355 0
-337 -356 0
-337 -357 0
-337 -358 0
-337 -359 0
-337 -360 0
-338 -337 0
-338 -339 0
-338 -340 0
-338 -341 0
-338 -342 0
-338 -343 0
-338 -344 0
-338 -345 0
-338 -346 0
-338 -347 0
-338 -348 0
-338 -349 0
-338 -350 0
-338 -351 0
-338 -352 0
-338 -353 0
-338 -354 0
-338 -355 0
-338 -356 0
-338 -357 0
-338 -358 0
-338 -359 0
-338 -360 0
-339 -337 0
-339 -338 0
-339 -340 0
-339 -341 0
-339 -342 0
-339 -343 0
-339 -344 0
-339 -345 0
-339 -346 0
-339 -347 0
-339 -348 0
-339 -349 0
-339 -350 0
-339 -351 0
-339 -352 0
-339 -353 0
-339 -354 0
-339 -355 0
-339 -356 0
-339 -357 0
-339 -358 0
-339 -359 0
-339 -360 0
-340 -337 0
-340 -338 0
-340 -339 0
-340 -341 0
-340 -342 0
-340 -343 0
-340 -344 0
-340 -345 0
-340 -346 0
-340 -347 0
-340 -348 0
-340 -349 0
-340 -350 0
-340 -351 0
-340 -352 0
-340 -353 0
-340 -354 0
-340 -355 0
-340 -356 0
-340 -357 0
-340 -358 0
-340 -359 0
-340 -360 0
-341 -337 0
-341 -338 0
-341 -339 0
-341 -340 0
-341 -342 0
-341 -343 0
-341 -344 0
-341 -345 0
-341 -346 0
-341 -347 0
-341 -348 0
-341 -349 0
-341 -350 0
-341 -351 0
-341 -352 0
-341 -353 0
-341 -354 0
-341 -355 0
-341 -356 0
-341 -357 0
-341 -358 0
-341 -359 0
-341 -360 0
-342 -337 0
-342 -338 0
-342 -339 0
-342 -340 0
-342 -341 0
-342 -343 0
-342 -344 0
-342 -345 0
-342 -346 0
-342 -347 0
-342 -348 0
-342 -349 0
-342 -350 0
-342 -351 0
-342 -352 0
-342 -353 0
-342 -354 0
-342 -355 0
-342 -356 0
-342 -357 0
-342 -358 0
-342 -359 0
-342 -360 0
-343 -337 0
-343 -338 0
-343 -339 0
-343 -340 0
-343 -341 0
-343 -342 0
-343 -344 0
-343 -345 0
-343 -346 0
-343 -347 0
-343 -348 0
-343 -349 0
-343 -350 0
-343 -351 0
-343 -352 0
-343 -353 0
-343 -354 0
-343 -355 0
-343 -356 0
-343 -357 0
-343 -358 0
-343 -359 0
-343 -360 0
-344 -337 0
-344 -338 0
-344 -339 0
-344 -340 0
-344 -341 0
-344 -342 0
-344 -343 0
-344 -345 0
-344 -346 0
-344 -347 0
-344 -348 0
-344 -349 0
-344 -350 0
-344 -351 0
-344 -352 0
-344 -353 0
-344 -354 0
-344 -355 0
-344 -356 0
-344 -357 0
-344 -358 0
-344 -359 0
-344 -360 0
-345 -337 0
-345 -338 0
-345 -339 0
-345 -340 0
-345 -341 0
-345 -342 0
-345 -343 0
-345 -344 0
-345 -346 0
-345 -347 0
-345 -348 0
-345 -349 0
-345 -350 0
-345 -351 0
-345 -352 0
-345 -353 0
-345 -354 0
-345 -355 0
-345 -356 0
-345 -357 0
-345 -358 0
-345 -359 0
-345 -360 0
-346 -337 0
-346 -338 0
-346 -339 0
-346 -340 0
-346 -341 0
-346 -342 0
-346 -343 0
-346 -344 0
-346 -345 0
-346 -347 0
-346 -348 0
-346 -349 0
-346 -350 0
-346 -351 0
-346 -352 0
-346 -353 0
-346 -354 0
-346 -355 0
-346 -356 0
-346 -357 0
-346 -358 0
-346 -359 0
-346 -360 0
-347 -337 0
-347 -338 0
-347 -339 0
-347 -340 0
-347 -341 0
-347 -342 0
-347 -343 0
-347 -344 0
-347 -345 0
-347 -346 0
-347 -348 0
-347 -349 0
-347 -350 0
-347 -351 0
-347 -352 0
-347 -353 0
-347 -354 0
-347 -355 0
-347 -356 0
-347 -357 0
-347 -358 0
-347 -359 0
-347 -360 0
-348 -337 0
-348 -338 0
-348 -339 0
-348 -340 0
-348 -341 0
-348 -342 0
-348 -343 0
-348 -344 0
-348 -345 0
-348 -346 0
-348 -347 0
-348 -349 0
-348 -350 0
-348 -351 0
-348 -352 0
-348 -353 0
-348 -354 0
-348 -355 0
-348 -356 0
-348 -357 0
-348 -358 0
-348 -359 0
-348 -360 0
-349 -337 0
-349 -338 0
-349 -339 0
-349 -340 0
-349 -341 0
-349 -342 0
-349 -343 0
-349 -344 0
-349 -345 0
-349 -346 0
-349 -347 0
-349 -348 0
-349 -350 0
-349 -351 0
-349 -352 0
-349 -353 0
-349 -354 0
-349 -355 0
-349 -356 0
-349 -357 0
-349 -358 0
-349 -359 0
-349 -360 0
-350 -337 0
-350 -338 0
-350 -339 0
-350 -340 0
-350 -341 0
-350 -342 0
-350 -343 0
-350 -344 0
-350 -345 0
-350 -346 0
-350 -347 0
-350 -348 0
-350 -349 0
-350 -351 0
-350 -352 0
-350 -353 0
-350 -354 0
-350 -355 0
-350 -356 0
-350 -357 0
-350 -358 0
-350 -359 0
-350 -360 0
-351 -337 0
-351 -338 0
-351 -339 0
-351 -340 0
-351 -341 0
-351 -342 0
-351 -343 0
-351 -344 0
-351 -345 0
-351 -346 0
-351 -347 0
-351 -348 0
-351 -349 0
-351 -350 0
-351 -352 0
-351 -353 0
-351 -354 0
-351 -355 0
-351 -356 0
-351 -357 0
-351 -358 0
-351 -359 0
-351 -360 0
-352 -337 0
-352 -338 0
-352 -339 0
-352 -340 0
-352 -341 0
-352 -342 0
-352 -343 0
-352 -344 0
-352 -345 0
-352 -346 0
-352 -347 0
-352 -348 0
-352 -349 0
-352 -350 0
-352 -351 0
-352 -353 0
-352 -354 0
-352 -355 0
-352 -356 0
-352 -357 0
-352 -358 0
-352 -359 0
-352 -360 0
-353 -337 0
-353 -338 0
-353 -339 0
-353 -340 0
-353 -341 0
-353 -342 0
-353 -343 0
-353 -344 0
-353 -345 0
-353 -346 0
-353 -347 0
-353 -348 0
-353 -349 0
-353 -350 0
-353 -351 0
-353 -352 0
-353 -354 0
-353 -355 0
-353 -356 0
-353 -357 0
-353 -358 0
-353 -359 0
-353 -360 0
-354 -337 0
-354 -338 0
-354 -339 0
-354 -340 0
-354 -341 0
-354 -342 0
-354 -343 0
-354 -344 0
-354 -345 0
-354 -346 0
-354 -347 0
-354 -348 0
-354 -349 0
-354 -350 0
-354 -351 0
-354 -352 0
-354 -353 0
-354 -355 0
-354 -356 0
-354 -357 0
-354 -358 0
-354 -359 0
-354 -360 0
-355 -337 0
-355 -338 0
-355 -339 0
-355 -340 0
-355 -341 0
-355 -342 0
-355 -343 0
-355 -344 0
-355 -345 0
-355 -346 0
-355 -347 0
-355 -348 0
-355 -349 0
-355 -350 0
-355 -351 0
-355 -352 0
-355 -353 0
-355 -354 0
-355 -356 0
-355 -357 0
-355 -358 0
-355 -359 0
-355 -360 0
-356 -337 0
-356 -338 0
-356 -339 0
-356 -340 0
-356 -341 0
-356 -342 0
-356 -343 0
-356 -344 0
-356 -345 0
-356 -346 0
-356 -347 0
-356 -348 0
-356 -349 0
-356 -350 0
-356 -351 0
-356 -352 0
-356 -353 0
-356 -354 0
-356 -355 0
-356 -357 0
-356 -358 0
-356 -359 0
-356 -360 0
-357 -337 0
-357 -338 0
-357 -339 0
-357 -340 0
-357 -341 0
-357 -342 0
-357 -343 0
-357 -344 0
-357 -345 0
-357 -346 0
-357 -347 0
-357 -348 0
-357 -349 0
-357 -350 0
-357 -351 0
-357 -352 0
-357 -353 0
-357 -354 0
-357 -355 0
-357 -356 0
-357 -358 0
-357 -359 0
-357 -360 0
-358 -337 0
-358 -338 0
-358 -339 0
-358 -340 0
-358 -341 0
-358 -342 0
-358 -343 0
-358 -344 0
-358 -345 0
-358 -346 0
-358 -347 0
-358 -348 0
-358 -349 0
-358 -350 0
-358 -351 0
-358 -352 0
-358 -353 0
-358 -354 0
-358 -355 0
-358 -356 0
-358 -357 0
-358 -359 0
-358 -360 0
-359 -337 0
-359 -338 0
-359 -339 0
-359 -340 0
-359 -341 0
-359 -342 0
-359 -343 0
-359 -344 0
-359 -345 0
-359 -346 0
-359 -347 0
-359 -348 0
-359 -349 0
-359 -350 0
-359 -351 0
-359 -352 0
-359 -353 0
-359 -354 0
-359 -355 0
-359 -356 0
-359 -357 0
-359 -358 0
-359 -360 0
-360 -337 0
-360 -338 0
-360 -339 0
-360 -340 0
-360 -341 0
-360 -342 0
-360 -343 0
-360 -344 0
-360 -345 0
-360 -346 0
-360 -347 0
-360 -348 0
-360 -349 0
-360 -350 0
-360 -351 0
-360 -352 0
-360 -353 0
-360 -354 0
-360 -355 0
-360 -356 0
-360 -357 0
-360 -358 0
-360 -359 0
-25 -49 0
-25 -73 0
-25 -145 0
-25 -169 0
-25 -265 0
-49 -25 0
-49 -73 0
-49 -145 0
-49 -169 0
-49 -265 0
-73 -25 0
-73 -49 0
-73 -145 0
-73 -169 0
-73 -265 0
-145 -25 0
-145 -49 0
-145 -73 0
-145 -169 0
-145 -265 0
-169 -25 0
-169 -49 0
-169 -73 0
-169 -145 0
-169 -265 0
-265 -25 0
-265 -49 0
-265 -73 0
-265 -145 0
-265 -169 0
-26 -50 0
-26 -74 0
-26 -146 0
-26 -170 0
-26 -266 0
-50 -26 0
-50 -74 0
-50 -146 0
-50 -170 0
-50 -266 0
-74 -26 0
-74 -50 0
-74 -146 0
-74 -170 0
-74 -266 0
-146 -26 0
-146 -50 0
-146 -74 0
-146 -170 0
-146 -266 0
-170 -26 0
-170 -50 0
-170 -74 0
-170 -146 0
-170 -266 0
-266 -26 0
-266 -50 0
-266 -74 0
-266 -146 0
-266 -170 0
-27 -51 0
-27 -75 0
-27 -147 0
-27 -171 0
-27 -267 0
-51 -27 0
-51 -75 0
-51 -147 0
-51 -171 0
-51 -267 0
-75 -27 0
-75 -51 0
-75 -147 0
-75 -171 0
-75 -267 0
-147 -27 0
-147 -51 0
-147 -75 0
-147 -171 0
-147 -267 0
-171 -27 0
-171 -51 0
-171 -75 0
-171 -147 0
-171 -267 0
-267 -27 0
-267 -51 0
-267 -75 0
-267 -147 0
-267 -171 0
-28 -52 0
-28 -76 0
-28 -148 0
-28 -172 0
-28 -268 0
-52 -28 0
-52 -76 0
-52 -148 0
-52 -172 0
-52 -268 0
-76 -28 0
-76 -52 0
-76 -148 0
-76 -172 0
-76 -268 0
-148 -28 0
-148 -52 0
-148 -76 0
-148 -172 0
-148 -268 0
-172 -28 0
-172 -52 0
-172 -76 0
-172 -148 0
-172 -268 0
-268 -28 0
-268 -52 0
-268 -76 0
-268 -148 0
-268 -172 0
-29 -53 0
-29 -77 0
-29 -149 0
-29 -173 0
-29 -269 0
-53 -29 0
-53 -77 0
-53 -149 0
-53 -173 0
-53 -269 0
-77 -29 0
-77 -53 0
-77 -149 0
-77 -173 0
-77 -269 0
-149 -29 0
-149 -53 0
-149 -77 0
-149 -173 0
-149 -269 0
-173 -29 0
-173 -53 0
-173 -77 0
-173 -149 0
-173 -269 0
-269 -29 0
-269 -53 0
-269 -77 0
-269 -149 0
-269 -173 0
-30 -54 0
-30 -78 0
-30 -150 0
-30 -174 0
-30 -270 0
-54 -30 0
-54 -78 0
-54 -150 0
-54 -174 0
-54 -270 0
-78 -30 0
-78 -54 0
-78 -150 0
-78 -174 0
-78 -270 0
-150 -30 0
-150 -54 0
-150 -78 0
-150 -174 0
-150 -270 0
-174 -30 0
-174 -54 0
-174 -78 0
-174 -150 0
-174 -270 0
-270 -30 0
-270 -54 0
-270 -78 0
-270 -150 0
-270 -174 0
-31 -55 0
-31 -79 0
-31 -151 0
-31 -175 0
-31 -271 0
-55 -31 0
-55 -79 0
-55 -151 0
-55 -175 0
-55 -271 0
-79 -31 0
-79 -55 0
-79 -151 0
-79 -175 0
-79 -271 0
-151 -31 0
-151 -55 0
-151 -79 0
-151 -175 0
-151 -271 0
-175 -31 0
-175 -55 0
-175 -79 0
-175 -151 0
-175 -271 0
-271 -31 0
-271 -55 0
-271 -79 0
-271 -151 0
-271 -175 0
-32 -56 0
-32 -80 0
-32 -152 0
-32 -176 0
-32 -272 0
-56 -32 0
-56 -80 0
-56 -152 0
-56 -176 0
-56 -272 0
-80 -32 0
-80 -56 0
-80 -152 0
-80 -176 0
-80 -272 0
-152 -32 0
-152 -56 0
-152 -80 0
-152 -176 0
-152 -272 0
-176 -32 0
-176 -56 0
-176 -80 0
-176 -152 0
-176 -272 0
-272 -32 0
-272 -56 0
-272 -80 0
-272 -152 0
-272 -176 0
-33 -57 0
-33 -81 0
-33 -153 0
-33 -177 0
-33 -273 0
-57 -33 0
-57 -81 0
-57 -153 0
-57 -177 0
-57 -273 0
-81 -33 0
-81 -57 0
-81 -153 0
-81 -177 0
-81 -273 0
-153 -33 0
-153 -57 0
-153 -81 0
-153 -177 0
-153 -273 0
-177 -33 0
-177 -57 0
-177 -81 0
-177 -153 0
-177 -273 0
-273 -33 0
-273 -57 0
-273 -81 0
-273 -153 0
-273 -177 0
-34 -58 0
-34 -82 0
-34 -154 0
-34 -178 0
-34 -274 0
-58 -34 0
-58 -82 0
-58 -154 0
-58 -178 0
-58 -274 0
-82 -34 0
-82 -58 0
-82 -154 0
-82 -178 0
-82 -274 0
-154 -34 0
-154 -58 0
-154 -82 0
-154 -178 0
-154 -274 0
-178 -34 0
-178 -58 0
-178 -82 0
-178 -154 0
-178 -274 0
-274 -34 0
-274 -58 0
-274 -82 0
-274 -154 0
-274 -178 0
-35 -59 0
-35 -83 0
-35 -155 0
-35 -179 0
-35 -275 0
-59 -35 0
-59 -83 0
-59 -155 0
-59 -179 0
-59 -275 0
-83 -35 0
-83 -59 0
-83 -155 0
-83 -179 0
-83 -275 0
-155 -35 0
-155 -59 0
-155 -83 0
-155 -179 0
-155 -275 0
-179 -35 0
-179 -59 0
-179 -83 0
-179 -155 0
-179 -275 0
-275 -35 0
-275 -59 0
-275 -83 0
-275 -155 0
-275 -179 0
-36 -60 0
-36 -84 0
-36 -156 0
-36 -180 0
-36 -276 0
-60 -36 0
-60 -84 0
-60 -156 0
-60 -180 0
-60 -276 0
-84 -36 0
-84 -60 0
-84 -156 0
-84 -180 0
-84 -276 0
-156 -36 0
-156 -60 0
-156 -84 0
-156 -180 0
-156 -276 0
-180 -36 0
-180 -60 0
-180 -84 0
-180 -156 0
-180 -276 0
-276 -36 0
-276 -60 0
-276 -84 0
-276 -156 0
-276 -180 0
-37 -61 0
-37 -85 0
-37 -157 0
-37 -181 0
-37 -277 0
-61 -37 0
-61 -85 0
-61 -157 0
-61 -181 0
-61 -277 0
-85 -37 0
-85 -61 0
-85 -157 0
-85 -181 0
-85 -277 0
-157 -37 0
-157 -61 0
-157 -85 0
-157 -181 0
-157 -277 0
-181 -37 0
-181 -61 0
-181 -85 0
-181 -157 0
-181 -277 0
-277 -37 0
-277 -61 0
-277 -85 0
-277 -157 0
-277 -181 0
-38 -62 0
-38 -86 0
-38 -158 0
-38 -182 0
-38 -278 0
-62 -38 0
-62 -86 0
-62 -158 0
-62 -182 0
-62 -278 0
-86 -38 0
-86 -62 0
-86 -158 0
-86 -182 0
-86 -278 0
-158 -38 0
-158 -62 0
-158 -86 0
-158 -182 0
-158 -278 0
-182 -38 0
-182 -62 0
-182 -86 0
-182 -158 0
-182 -278 0
-278 -38 0
-278 -62 0
-278 -86 0
-278 -158 0
-278 -182 0
-39 -63 0
-39 -87 0
-39 -159 0
-39 -183 0
-39 -279 0
-63 -39 0
-63 -87 0
-63 -159 0
-63 -183 0
-63 -279 0
-87 -39 0
-87 -63 0
-87 -159 0
-87 -183 0
-87 -279 0
-159 -39 0
-159 -63 0
-159 -87 0
-159 -183 0
-159 -279 0
-183 -39 0
-183 -63 0
-183 -87 0
-183 -159 0
-183 -279 0
-279 -39 0
-279 -63 0
-279 -87 0
-279 -159 0
-279 -183 0
-40 -64 0
-40 -88 0
-40 -160 0
-40 -184 0
-40 -280 0
-64 -40 0
-64 -88 0
-64 -160 0
-64 -184 0
-64 -280 0
-88 -40 0
-88 -64 0
-88 -160 0
-88 -184 0
-88 -280 0
-160 -40 0
-160 -64 0
-160 -88 0
-160 -184 0
-160 -280 0
-184 -40 0
-184 -64 0
-184 -88 0
-184 -160 0
-184 -280 0
-280 -40 0
-280 -64 0
-280 -88 0
-280 -160 0
-280 -184 0
-41 -65 0
-41 -89 0
-41 -161 0
-41 -185 0
-41 -281 0
-65 -41 0
-65 -89 0
-65 -161 0
-65 -185 0
-65 -281 0
-89 -41 0
-89 -65 0
-89 -161 0
-89 -185 0
-89 -281 0
-161 -41 0
-161 -65 0
-161 -89 0
-161 -185 0
-161 -281 0
-185 -41 0
-185 -65 0
-185 -89 0
-185 -161 0
-185 -281 0
-281 -41 0
-281 -65 0
-281 -89 0
-281 -161 0
-281 -185 0
-42 -66 0
-42 -90 0
-42 -162 0
-42 -186 0
-42 -282 0
-66 -42 0
-66 -90 0
-66 -162 0
-66 -186 0
-66 -282 0
-90 -42 0
-90 -66 0
-90 -162 0
-90 -186 0
-90 -282 0
-162 -42 0
-162 -66 0
-162 -90 0
-162 -186 0
-162 -282 0
-186 -42 0
-186 -66 0
-186 -90 0
-186 -162 0
-186 -282 0
-282 -42 0
-282 -66 0
-282 -90 0
-282 -162 0
-282 -186 0
-43 -67 0
-43 -91 0
-43 -163 0
-43 -187 0
-43 -283 0
-67 -43 0
-67 -91 0
-67 -163 0
-67 -187 0
-67 -283 0
-91 -43 0
-91 -67 0
-91 -163 0
-91 -187 0
-91 -283 0
-163 -43 0
-163 -67 0
-163 -91 0
-163 -187 0
-163 -283 0
-187 -43 0
-187 -67 0
-187 -91 0
-187 -163 0
-187 -283 0
-283 -43 0
-283 -67 0
-283 -91 0
-283 -163 0
-283 -187 0
-44 -68 0
-44 -92 0
-44 -164 0
-44 -188 0
-44 -284 0
-68 -44 0
-68 -92 0
-68 -164 0
-68 -188 0
-68 -284 0
-92 -44 0
-92 -68 0
-92 -164 0
-92 -188 0
-92 -284 0
-164 -44 0
-164 -68 0
-164 -92 0
-164 -188 0
-164 -284 0
-188 -44 0
-188 -68 0
-188 -92 0
-188 -164 0
-188 -284 0
-284 -44 0
-284 -68 0
-284 -92 0
-284 -164 0
-284 -188 0
-45 -69 0
-45 -93 0
-45 -165 0
-45 -189 0
-45 -285 0
-69 -45 0
-69 -93 0
-69 -165 0
-69 -189 0
-69 -285 0
-93 -45 0
-93 -69 0
-93 -165 0
-93 -189 0
-93 -285 0
-165 -45 0
-165 -69 0
-165 -93 0
-165 -189 0
-165 -285 0
-189 -45 0
-189 -69 0
-189 -93 0
-189 -165 0
-189 -285 0
-285 -45 0
-285 -69 0
-285 -93 0
-285 -165 0
-285 -189 0
-46 -70 0
-46 -94 0
-46 -166 0
-46 -190 0
-46 -286 0
-70 -46 0
-70 -94 0
-70 -166 0
-70 -190 0
-70 -286 0
-94 -46 0
-94 -70 0
-94 -166 0
-94 -190 0
-94 -286 0
-166 -46 0
-166 -70 0
-166 -94 0
-166 -190 0
-166 -286 0
-190 -46 0
-190 -70 0
-190 -94 0
-190 -166 0
-190 -286 0
-286 -46 0
-286 -70 0
-286 -94 0
-286 -166 0
-286 -190 0
-47 -71 0
-47 -95 0
-47 -167 0
-47 -191 0
-47 -287 0
-71 -47 0
-71 -95 0
-71 -167 0
-71 -191 0
-71 -287 0
-95 -47 0
-95 -71 0
-95 -167 0
-95 -191 0
-95 -287 0
-167 -47 0
-167 -71 0
-167 -95 0
-167 -191 0
-167 -287 0
-191 -47 0
-191 -71 0
-191 -95 0
-191 -167 0
-191 -287 0
-287 -47 0
-287 -71 0
-287 -95 0
-287 -167 0
-287 -191 0
-48 -72 0
-48 -96 0
-48 -168 0
-48 -192 0
-48 -288 0
-72 -48 0
-72 -96 0
-72 -168 0
-72 -192 0
-72 -288 0
-96 -48 0
-96 -72 0
-96 -168 0
-96 -192 0
-96 -288 0
-168 -48 0
-168 -72 0
-168 -96 0
-168 -192 0
-168 -288 0
-192 -48 0
-192 -72 0
-192 -96 0
-192 -168 0
-192 -288 0
-288 -48 0
-288 -72 0
-288 -96 0
-288 -168 0
-288 -192 0
-25 -50 0
-25 -51 0
-26 -51 0
-28 -53 0
-28 -54 0
-29 -54 0
-31 -56 0
-31 -57 0
-32 -57 0
-34 -59 0
-34 -60 0
-35 -60 0
-37 -62 0
-37 -63 0
-38 -63 0
-40 -65 0
-40 -66 0
-41 -66 0
-43 -68 0
-43 -69 0
-44 -69 0
-46 -71 0
-46 -72 0
-47 -72 0
-25 -74 0
-25 -75 0
-26 -75 0
-28 -77 0
-28 -78 0
-29 -78 0
-31 -80 0
-31 -81 0
-32 -81 0
-34 -83 0
-34 -84 0
-35 -84 0
-37 -86 0
-37 -87 0
-38 -87 0
-40 -89 0
-40 -90 0
-41 -90 0
-43 -92 0
-43 -93 0
-44 -93 0
-46 -95 0
-46 -96 0
-47 -96 0
-49 -74 0
-49 -75 0
-50 -75 0
-52 -77 0
-52 -78 0
-53 -78 0
-55 -80 0
-55 -81 0
-56 -81 0
-58 -83 0
-58 -84 0
-59 -84 0
-61 -86 0
-61 -87 0
-62 -87 0
-64 -89 0
-64 -90 0
-65 -90 0
-67 -92 0
-67 -93 0
-68 -93 0
-70 -95 0
-70 -96 0
-71 -96 0
-145 -170 0
-145 -171 0
-146 -171 0
-148 -173 0
-148 -174 0
-149 -174 0
-151 -176 0
-151 -177 0
-152 -177 0
-154 -179 0
-154 -180 0
-155 -180 0
-157 -182 0
-157 -183 0
-158 -183 0
-160 -185 0
-160 -186 0
-161 -186 0
-163 -188 0
-163 -189 0
-164 -189 0
-166 -191 0
-166 -192 0
-167 -192 0
